18179 5.98454475402832
18170 2.026081085205078
18163 1.9915103912353516
18163 1.9984245300292969
18159 1.995086669921875
18151 1.9941329956054688
18145 2.0012855529785156
18110 2.954244613647461
18110 2.9926300048828125
18106 1.9946098327636719
18083 2.991914749145508
18064 2.992391586303711
18064 1.9943714141845703
18058 2.9921531677246094
18053 2.9916763305664062
18032 1.9948482513427734
18032 1.9948482513427734
18024 1.9943714141845703
17996 2.992391586303711
17977 2.031087875366211
17977 2.9549598693847656
17977 2.9916763305664062
17977 3.988981246948242
17962 2.991914749145508
17962 2.9973983764648438
17949 2.943277359008789
17883 2.0208358764648438
17883 1.9977092742919922
17872 1.995086669921875
17872 1.9938945770263672
17872 1.996755599975586
17872 1.9998550415039062
17831 1.9922256469726562
17824 3.0188560485839844
17800 2.962827682495117
17790 1.9931793212890625
17790 1.9943714141845703
17777 1.9910335540771484
17776 1.9981861114501953
17775 2.0270347595214844
17775 1.9664764404296875
17765 1.9588470458984375
17754 1.9943714141845703
17722 1.9948482513427734
17722 1.9948482513427734
17722 1.9943714141845703
17722 1.9948482513427734
17713 1.9943714141845703
17703 1.9948482513427734
17703 1.9953250885009766
17703 1.9941329956054688
17672 1.9946098327636719
17672 2.993345260620117
17663 2.9921531677246094
17636 1.9960403442382812
17636 2.9904842376708984
17636 1.9936561584472656
17636 1.9941329956054688
17618 2.0279884338378906
17618 1.997232437133789
17618 2.001523971557617
17595 2.9501914978027344
17580 1.9938945770263672
17552 1.9948482513427734
17552 1.9946098327636719
17540 1.9943714141845703
17540 1.9946098327636719
17540 1.9948482513427734
17518 1.9946098327636719
17518 1.9946098327636719
17506 1.9948482513427734
17506 1.9946098327636719
17487 2.033233642578125
17487 1.9922256469726562
17480 1.9938945770263672
17480 1.9974708557128906
17465 1.9948482513427734
17439 0.9951591491699219
17439 1.9915103912353516
17439 1.9974708557128906
17426 1.9943714141845703
17426 1.9946098327636719
17406 1.9931793212890625
17383 2.006053924560547
17383 1.9917488098144531
17368 1.9888877868652344
17362 1.9910335540771484
17362 1.9974708557128906
17362 1.9943714141845703
17304 2.956390380859375
17301 0.9973049163818359
17233 1.9946098327636719
17233 1.9948482513427734
17233 1.9943714141845703
17233 2.9921531677246094
17217 1.9946098327636719
17217 0.9975433349609375
17194 1.9953250885009766
17189 1.9941329956054688
17186 1.9946098327636719
17186 1.9948482513427734
17168 1.9943714141845703
17165 0.9975433349609375
17165 2.991914749145508
17165 1.996755599975586
17123 1.9931793212890625
17059 2.0208358764648438
17059 1.9960403442382812
17059 1.9977092742919922
17020 1.995086669921875
17001 1.9943714141845703
17000 2.001523971557617
16995 1.995086669921875
16981 0.9942054748535156
16966 2.992868423461914
16944 1.996755599975586
16944 2.986431121826172
16944 1.9953250885009766
16941 1.9631385803222656
16941 2.9900074005126953
16941 1.9948482513427734
16941 1.995086669921875
16936 0.9970664978027344
16934 1.9941329956054688
16923 1.9948482513427734
16923 1.9946098327636719
16922 1.9946098327636719
16922 1.9946098327636719
16906 2.991914749145508
16861 1.9948482513427734
16844 1.9946098327636719
16839 1.9946098327636719
16839 1.9948482513427734
16839 0.9975433349609375
16839 3.0248165130615234
16839 1.9927024841308594
16839 0.9989738464355469
16818 1.9955635070800781
16818 2.991914749145508
16811 1.992940902709961
16783 1.9946098327636719
16783 1.9946098327636719
16783 1.9960403442382812
16783 0.9961128234863281
16775 0.9951591491699219
16752 1.997232437133789
16752 2.9549598693847656
16752 2.9916763305664062
16732 2.991914749145508
16732 1.9946098327636719
16721 2.031564712524414
16707 1.9919872283935547
16696 1.9953250885009766
16696 2.9916763305664062
16696 0.9992122650146484
16696 1.9924640655517578
16696 1.9946098327636719
16637 1.997232437133789
16609 1.995086669921875
16571 1.9919872283935547
16545 1.9953250885009766
16513 1.9965171813964844
16513 1.9943714141845703
16510 1.9919872283935547
16494 1.9965171813964844
16450 1.9955635070800781
16432 1.9955635070800781
16428 1.99127197265625
16427 0.9949207305908203
16411 1.9974708557128906
16403 1.9946098327636719
16403 1.9962787628173828
16403 1.9907951354980469
16403 1.9989013671875
16376 1.9922256469726562
16376 1.9946098327636719
16376 1.9979476928710938
16376 1.9917488098144531
16329 1.9955635070800781
16329 1.9936561584472656
16327 1.9593238830566406
16327 1.9943714141845703
16327 1.9943714141845703
16327 2.9931068420410156
16327 0.9965896606445312
16327 1.9943714141845703
16327 1.9948482513427734
16327 2.992391586303711
16318 1.9941329956054688
16295 1.9946098327636719
16293 0.9973049163818359
16293 2.9926300048828125
16285 1.9941329956054688
16268 0.9975433349609375
16268 1.9943714141845703
16268 1.9946098327636719
16249 1.9946098327636719
16244 1.9948482513427734
16244 1.9948482513427734
16240 1.9943714141845703
16240 1.9948482513427734
16226 1.9943714141845703
16209 1.9948482513427734
16198 1.9946098327636719
16193 1.9953250885009766
16157 1.9941329956054688
16157 1.9946098327636719
16157 1.9948482513427734
16157 1.9943714141845703
16110 1.9948482513427734
16110 1.9943714141845703
16110 1.9948482513427734
16110 1.9948482513427734
16110 2.993345260620117
16076 2.9921531677246094
16076 1.9943714141845703
16041 1.9946098327636719
15994 2.9921531677246094
15994 1.9946098327636719
15994 2.992391586303711
15976 2.9916763305664062
15966 1.9948482513427734
15966 3.9882659912109375
15966 2.991914749145508
15926 3.990650177001953
15926 2.9921531677246094
15926 3.0112266540527344
15926 2.0055770874023438
15898 1.9955635070800781
15898 1.9943714141845703
15898 1.9962787628173828
15898 2.9599666595458984
15898 4.984855651855469
15883 2.992868423461914
15883 1.9943714141845703
15866 2.9921531677246094
15864 2.9914379119873047
15857 2.9926300048828125
15857 1.9948482513427734
15857 2.9916763305664062
15857 2.9921531677246094
15837 2.9921531677246094
15837 2.994060516357422
15837 2.023935317993164
15763 1.9958019256591797
15736 1.9919872283935547
15736 1.9953250885009766
15685 1.9981861114501953
15670 1.9927024841308594
15658 1.996755599975586
15632 1.9948482513427734
15632 1.9943714141845703
15592 1.9602775573730469
15588 2.025127410888672
15588 1.9938945770263672
15547 1.997232437133789
15547 1.995086669921875
15529 1.9919872283935547
15525 1.9993782043457031
15517 1.9953250885009766
15516 3.954172134399414
15516 1.9960403442382812
15516 1.9938945770263672
15516 2.992391586303711
15498 4.019021987915039
15483 2.9745101928710938
15483 1.9822120666503906
15476 1.9943714141845703
15458 1.9943714141845703
15458 1.9948482513427734
15458 1.9948482513427734
15458 1.9943714141845703
15458 2.9926300048828125
15430 1.9938945770263672
15380 1.9948482513427734
15380 1.9948482513427734
15379 1.9943714141845703
15367 1.9948482513427734
15367 2.991914749145508
15354 2.02178955078125
15354 1.9943714141845703
15354 1.9941329956054688
15349 1.9702911376953125
15349 1.9938945770263672
15349 1.9948482513427734
15349 2.991914749145508
15329 2.991199493408203
15319 1.9927024841308594
15319 1.9989013671875
15319 1.9886493682861328
15315 4.045963287353516
15274 2.966642379760742
15274 1.9958019256591797
15274 3.9854049682617188
15259 2.9633045196533203
15259 1.9946098327636719
15259 2.991914749145508
15259 2.9921531677246094
15230 2.992391586303711
15230 2.023935317993164
15230 1.9962787628173828
15230 1.9960403442382812
15230 1.9917488098144531
15202 1.9955635070800781
15202 1.9986629486083984
15202 0.9977817535400391
15202 1.9946098327636719
15145 3.954172134399414
15145 2.991914749145508
15145 1.9948482513427734
15118 2.991914749145508
15118 2.9921531677246094
15118 2.9921531677246094
15102 3.988027572631836
15091 2.9938220977783203
15091 3.0219554901123047
15086 4.050016403198242
15076 2.9001235961914062
14999 3.0670166015625
14999 1.99127197265625
14999 0.9942054748535156
14999 0.9975433349609375
14997 1.9953250885009766
14947 2.9952526092529297
14923 2.9892921447753906
14923 0.9975433349609375
14923 0.9999275207519531
14889 1.9919872283935547
14889 1.9946098327636719
14854 1.9962787628173828
14853 1.9953250885009766
14853 1.9998550415039062
14840 1.9927024841308594
14840 2.9866695404052734
14840 1.9969940185546875
14840 1.9941329956054688
14840 0.9961128234863281
14840 1.9974708557128906
14814 1.9927024841308594
14814 1.9979476928710938
14814 1.9946098327636719
14814 1.9598007202148438
14814 2.0265579223632812
14814 1.9977092742919922
14810 1.9943714141845703
14810 1.995086669921875
14803 1.9922256469726562
14796 1.9969940185546875
14796 1.9962787628173828
14796 1.993417739868164
14796 1.9919872283935547
14729 1.996755599975586
14729 1.9943714141845703
14668 1.9946098327636719
14666 1.9917488098144531
14648 1.9974708557128906
14644 1.9953250885009766
14644 1.995086669921875
14644 1.99127197265625
14640 1.9977092742919922
14640 1.9946098327636719
14637 1.9946098327636719
14614 1.9915103912353516
14609 1.9979476928710938
14585 1.9943714141845703
14545 1.9943714141845703
14545 2.9921531677246094
14545 0.9977817535400391
14531 1.9938945770263672
14522 2.9876232147216797
14522 1.9948482513427734
14522 1.9962787628173828
14510 1.9927024841308594
14510 0.9989738464355469
14510 1.9984245300292969
14510 1.9962787628173828
14510 1.9922256469726562
14510 1.9900798797607422
14510 1.9960403442382812
14510 2.0453929901123047
14510 1.949310302734375
14458 1.9927024841308594
14407 1.9943714141845703
14394 1.9974708557128906
14393 1.9931793212890625
14374 1.9946098327636719
14366 1.9576549530029297
14328 1.9965171813964844
14322 1.995086669921875
14322 1.9946098327636719
14318 1.9943714141845703
14293 3.9877891540527344
14286 5.984067916870117
14286 5.983829498291016
14286 2.991914749145508
14286 2.992391586303711
14248 2.9921531677246094
14241 1.9938945770263672
14241 1.9948482513427734
14241 1.9943714141845703
14241 1.9948482513427734
14241 2.9938220977783203
14233 2.9916763305664062
14233 2.991914749145508
14231 1.9946098327636719
14231 1.9946098327636719
14231 2.9921531677246094
14228 3.0281543731689453
14224 1.9927024841308594
14224 1.995086669921875
14224 1.9969940185546875
14162 1.9564628601074219
14159 3.99017333984375
14159 3.9911270141601562
14149 2.9892921447753906
14113 3.9911270141601562
14113 2.9904842376708984
14097 2.993345260620117
14091 2.9926300048828125
14091 3.988981246948242
14091 2.9916763305664062
14090 2.9914379119873047
14090 2.9921531677246094
14060 2.9921531677246094
14059 1.9948482513427734
14050 2.9926300048828125
14050 2.991199493408203
14050 2.991914749145508
14048 2.9914379119873047
14048 2.992391586303711
14048 2.991914749145508
14048 2.0265579223632812
14047 1.992940902709961
14047 1.9993782043457031
14047 1.9938945770263672
14047 0.9975433349609375
14047 0.9965896606445312
14042 1.9927024841308594
14042 1.9922256469726562
14015 0.9975433349609375
14015 0.9996891021728516
13992 1.9931793212890625
13975 1.9850730895996094
13975 2.9609203338623047
13965 1.9941329956054688
13965 2.991914749145508
13965 2.9921531677246094
13938 2.9921531677246094
13938 2.991914749145508
13912 2.991914749145508
13908 4.022836685180664
13908 1.9924640655517578
13908 1.9931793212890625
13874 1.9960403442382812
13866 1.9955635070800781
13862 1.9612312316894531
13817 1.9946098327636719
13817 1.9946098327636719
13797 1.9946098327636719
13797 1.9953250885009766
13788 1.9941329956054688
13781 1.9946098327636719
13781 1.9948482513427734
13781 1.9946098327636719
13773 1.9946098327636719
13773 1.9946098327636719
13773 1.9946098327636719
13708 1.9946098327636719
13708 1.9948482513427734
13679 1.9946098327636719
13673 1.9946098327636719
13673 1.9946098327636719
13673 1.9946098327636719
13673 0.9973049163818359
13670 0.9975433349609375
13670 1.9943714141845703
13670 1.9953250885009766
13670 1.9941329956054688
13670 1.9948482513427734
13670 1.9946098327636719
13670 1.9946098327636719
13614 1.9946098327636719
13614 1.9946098327636719
13614 1.9948482513427734
13614 1.9943714141845703
13559 1.995086669921875
13559 1.9946098327636719
13559 1.9943714141845703
13556 1.9948482513427734
13555 1.9946098327636719
13543 1.9946098327636719
13535 1.9946098327636719
13535 0.9975433349609375
13535 2.992868423461914
13535 0.9965896606445312
13535 1.9943714141845703
13535 1.9953250885009766
13524 0.9973049163818359
13513 1.9943714141845703
13513 1.9946098327636719
13513 1.9948482513427734
13513 1.9946098327636719
13513 3.0279159545898438
13513 0.9953975677490234
13491 1.9977092742919922
13491 1.993417739868164
13491 1.9943714141845703
13491 1.9977092742919922
13491 1.9948482513427734
13481 1.9915103912353516
13481 1.9598007202148438
13474 2.026796340942383
13473 1.9989013671875
13441 2.9935836791992188
13441 1.9915103912353516
13441 0.995635986328125
13441 1.997232437133789
13438 1.9946098327636719
13438 2.956867218017578
13438 2.026081085205078
13430 0.9968280792236328
13412 0.9906291961669922
13402 1.9962787628173828
13384 1.9960403442382812
13384 1.9979476928710938
13384 1.992940902709961
13384 1.9955635070800781
13384 1.997232437133789
13379 1.9927024841308594
13379 1.9955635070800781
13379 1.992940902709961
13379 1.9910335540771484
13379 1.9974708557128906
13379 1.9948482513427734
13379 1.9955635070800781
13375 1.958608627319336
13375 2.994537353515625
13366 1.992940902709961
13366 2.991914749145508
13359 1.9948482513427734
13282 3.0312538146972656
13282 2.95257568359375
13281 3.9887428283691406
13281 2.9916763305664062
13281 3.989696502685547
13281 6.982088088989258
13281 3.9899349212646484
13273 1.9948482513427734
13260 2.9900074005126953
13256 2.9935836791992188
13256 3.9887428283691406
13256 1.993417739868164
13239 1.9948482513427734
13239 0.9973049163818359
13224 1.9948482513427734
13221 2.9921531677246094
13187 1.9941329956054688
13187 1.9948482513427734
13187 1.9953250885009766
13187 2.0258426666259766
13187 1.9946098327636719
13187 1.9941329956054688
13184 1.9965171813964844
13184 1.992940902709961
13184 1.9996166229248047
13183 1.9941329956054688
13183 1.997232437133789
13167 1.9941329956054688
13148 1.9931793212890625
13142 1.9969940185546875
13106 1.9941329956054688
13106 1.992940902709961
13097 1.9938945770263672
13097 1.9943714141845703
13080 1.9977092742919922
13080 1.9948482513427734
13080 1.9915103912353516
13080 1.9946098327636719
13080 1.9977092742919922
13080 1.9943714141845703
13080 1.9922256469726562
13041 1.9953250885009766
13041 1.9965171813964844
13041 1.9574165344238281
13041 2.0296573638916016
13041 1.9941329956054688
13041 1.9974708557128906
13041 1.996755599975586
13041 1.9915103912353516
13026 1.9931793212890625
13024 0.9987354278564453
13006 1.9936561584472656
13006 1.9917488098144531
12949 1.9953250885009766
12929 1.996755599975586
12893 1.995086669921875
12873 1.992940902709961
12871 0.99945068359375
12871 1.9927024841308594
12871 1.992940902709961
12871 1.9958019256591797
12854 2.9571056365966797
12854 2.0263195037841797
12843 1.992940902709961
12829 1.9943714141845703
12826 1.9948482513427734
12826 1.99127197265625
12826 2.0055770874023438
12826 1.9564628601074219
12826 1.9941329956054688
12826 1.9943714141845703
12826 1.9946098327636719
12826 1.9946098327636719
12821 1.9948482513427734
12821 1.9943714141845703
12821 1.9948482513427734
12821 1.9948482513427734
12791 1.9962787628173828
12773 1.9931793212890625
12773 1.9943714141845703
12773 1.9946098327636719
12773 1.9946098327636719
12753 1.9948482513427734
12753 1.9943714141845703
12751 4.988431930541992
12751 2.991914749145508
12751 1.9946098327636719
12739 2.9921531677246094
12731 2.9921531677246094
12731 2.9916763305664062
12731 2.0291805267333984
12725 1.9900798797607422
12725 2.991199493408203
12725 0.9999275207519531
12725 1.9919872283935547
12692 1.9948482513427734
12692 1.995086669921875
12692 1.9969940185546875
12672 2.9926300048828125
12672 1.9996166229248047
12672 1.9919872283935547
12669 1.9941329956054688
12669 1.9974708557128906
12667 1.9948482513427734
12647 0.9949207305908203
12647 1.9922256469726562
12638 2.9592514038085938
12638 1.033782958984375
12638 1.9946098327636719
12598 1.9903182983398438
12594 1.9969940185546875
12594 1.9962787628173828
12594 1.992940902709961
12594 1.9924640655517578
12588 2.997159957885742
12588 1.9941329956054688
12588 1.9943714141845703
12588 1.993417739868164
12563 0.9973049163818359
12525 0.9944438934326172
12525 1.9962787628173828
12478 1.99127197265625
12469 1.9969940185546875
12469 2.995014190673828
12454 1.9910335540771484
12454 1.995086669921875
12454 1.9922256469726562
12454 1.9998550415039062
12454 0.9951591491699219
12454 1.9922256469726562
12445 1.997232437133789
12425 1.9941329956054688
12425 1.9941329956054688
12425 1.9927024841308594
12425 1.9977092742919922
12425 2.9931068420410156
12410 0.9958744049072266
12399 2.002239227294922
12399 1.9869804382324219
12386 1.9943714141845703
12386 1.9910335540771484
12386 0.9949207305908203
12386 1.9969940185546875
12382 1.9953250885009766
12377 1.9948482513427734
12377 1.9905567169189453
12377 1.9938945770263672
12348 1.9993782043457031
12348 2.9573440551757812
12333 1.9938945770263672
12333 2.9921531677246094
12333 1.9946098327636719
12329 2.991914749145508
12329 2.9921531677246094
12317 2.9921531677246094
12311 2.9916763305664062
12311 2.9921531677246094
12301 1.9946098327636719
12301 2.991914749145508
12288 1.9948482513427734
12288 2.9916763305664062
12261 2.9921531677246094
12254 1.9946098327636719
12254 2.9921531677246094
12248 2.0287036895751953
12248 1.9974708557128906
12248 1.995086669921875
12248 1.9919872283935547
12248 1.9946098327636719
12248 1.9969940185546875
12188 1.9955635070800781
12188 1.9915103912353516
12188 0.9970664978027344
12171 1.9943714141845703
12171 1.9946098327636719
12171 1.9946098327636719
12171 2.9926300048828125
12135 1.9941329956054688
12135 1.9946098327636719
12135 0.9975433349609375
12130 0.9970664978027344
12130 1.995086669921875
12130 1.9943714141845703
12130 1.9946098327636719
12130 1.9946098327636719
12130 1.9948482513427734
12130 1.9943714141845703
12130 1.9948482513427734
12130 1.9948482513427734
12130 1.9943714141845703
12130 1.9948482513427734
12129 1.9943714141845703
12129 1.9948482513427734
12127 1.9958019256591797
12127 1.993417739868164
12124 1.9948482513427734
12099 1.9946098327636719
12099 1.9946098327636719
12099 1.9946098327636719
12099 1.9948482513427734
12099 1.9943714141845703
12099 0.9977817535400391
12085 1.993417739868164
12085 1.9943714141845703
12085 1.9948482513427734
12085 1.9943714141845703
12073 1.995086669921875
12073 0.9973049163818359
12073 1.9946098327636719
12073 1.9946098327636719
12061 1.9953250885009766
12043 1.9943714141845703
12043 1.9943714141845703
12043 1.9946098327636719
12043 1.9946098327636719
12043 1.9948482513427734
12043 1.9943714141845703
12043 1.9948482513427734
12032 1.9948482513427734
12032 1.9943714141845703
12032 1.995086669921875
12028 1.9943714141845703
12028 1.9946098327636719
12028 1.9946098327636719
12028 1.9948482513427734
12028 1.9943714141845703
12028 1.9948482513427734
12028 2.028942108154297
11991 1.9946098327636719
11979 1.9588470458984375
11979 1.9943714141845703
11979 1.9946098327636719
11979 1.9946098327636719
11979 1.9948482513427734
11979 1.9946098327636719
11979 2.031087875366211
11979 1.9898414611816406
11979 1.9960403442382812
11979 1.992940902709961
11979 1.9948482513427734
11979 1.9991397857666016
11979 1.9969940185546875
11979 1.995086669921875
11979 2.9532909393310547
11968 1.9948482513427734
11968 0.9970664978027344
11968 1.9948482513427734
11968 1.9943714141845703
11959 1.9948482513427734
11959 1.9946098327636719
11959 1.9946098327636719
11954 1.9948482513427734
11954 1.9946098327636719
11954 1.9946098327636719
11924 1.9946098327636719
11924 1.9948482513427734
11924 1.9943714141845703
11924 2.0334720611572266
11907 3.9520263671875
11907 1.9941329956054688
11907 2.0270347595214844
11907 1.993417739868164
11899 1.9893646240234375
11890 1.9946098327636719
11878 2.001523971557617
11878 1.9917488098144531
11878 1.9948482513427734
11878 1.9652843475341797
11878 2.0325183868408203
11864 1.9931793212890625
11862 1.9924640655517578
11862 1.995086669921875
11862 1.9969940185546875
11862 1.956939697265625
11862 1.9941329956054688
11831 1.9948482513427734
11829 1.9948482513427734
11824 1.9943714141845703
11824 1.9948482513427734
11824 1.9943714141845703
11824 1.9948482513427734
11820 1.9943714141845703
11812 1.9948482513427734
11806 1.9946098327636719
11806 1.9953250885009766
11806 1.9941329956054688
11783 1.9946098327636719
11783 3.9894580841064453
11783 1.9943714141845703
11783 1.9946098327636719
11783 2.993345260620117
11783 2.994060516357422
11783 1.9946098327636719
11765 1.9941329956054688
11765 1.993417739868164
11760 2.994060516357422
11760 3.999471664428711
11760 4.975080490112305
11760 2.991914749145508
11740 2.9914379119873047
11726 2.991914749145508
11726 1.9948482513427734
11726 3.989696502685547
11690 3.9904117584228516
11690 2.9904842376708984
11667 2.991914749145508
11667 1.9946098327636719
11667 2.9916763305664062
11667 2.9926300048828125
11667 1.9943714141845703
11667 2.9935836791992188
11667 2.9904842376708984
11667 1.9946098327636719
11651 2.9921531677246094
11651 2.9921531677246094
11644 1.9943714141845703
11644 1.9943714141845703
11644 2.991914749145508
11631 2.9921531677246094
11631 2.991914749145508
11617 2.991914749145508
11600 2.991914749145508
11591 1.9948482513427734
11591 2.991914749145508
11577 2.9921531677246094
11576 2.9921531677246094
11534 2.0287036895751953
11534 1.997232437133789
11534 1.9953250885009766
11515 1.9981861114501953
11515 1.9905567169189453
11515 1.0037422180175781
11515 2.0024776458740234
11515 2.946615219116211
11512 2.0258426666259766
11512 1.9943714141845703
11512 1.9955635070800781
11512 1.9958019256591797
11512 1.9969940185546875
11512 1.9948482513427734
11502 1.9941329956054688
11502 1.9922256469726562
11502 1.9979476928710938
11491 1.9936561584472656
11491 1.9965171813964844
11491 1.9903182983398438
11491 1.9986629486083984
11458 0.9987354278564453
11458 1.9903182983398438
11457 1.9960403442382812
11443 2.9604434967041016
11443 1.9943714141845703
11423 1.9943714141845703
11423 1.9938945770263672
11423 1.993417739868164
11423 2.991914749145508
11415 3.982067108154297
11415 1.9936561584472656
11415 1.9946098327636719
11412 1.9943714141845703
11412 1.9948482513427734
11412 1.995086669921875
11406 1.9943714141845703
11376 1.9946098327636719
11376 3.050088882446289
11376 1.9512176513671875
11376 1.9917488098144531
11376 1.995086669921875
11376 1.9958019256591797
11376 1.9958019256591797
11376 1.96075439453125
11362 3.023386001586914
11362 1.9943714141845703
11362 1.9946098327636719
11345 1.9969940185546875
11338 1.9931793212890625
11338 2.000093460083008
11325 1.992940902709961
11325 0.9973049163818359
11319 2.9947757720947266
11319 1.9936561584472656
11319 1.9941329956054688
11298 1.9962787628173828
11298 1.995086669921875
11298 1.99127197265625
11285 1.996755599975586
11285 1.9955635070800781
11285 1.9578933715820312
11285 2.0301342010498047
11285 1.9960403442382812
11283 1.9946098327636719
11281 1.9943714141845703
11273 1.9927024841308594
11239 1.9941329956054688
11239 1.9984245300292969
11239 1.9946098327636719
11229 2.954244613647461
11229 2.9926300048828125
11229 1.9938945770263672
11229 2.9921531677246094
11229 2.9916763305664062
11229 2.9921531677246094
11154 2.9921531677246094
11103 1.9943714141845703
11103 2.991914749145508
11085 1.9948482513427734
11082 2.991914749145508
11082 2.9921531677246094
11082 2.991914749145508
11082 2.9921531677246094
11072 1.9943714141845703
11064 2.992391586303711
11047 2.9916763305664062
11047 1.9946098327636719
11047 2.993345260620117
11046 2.99072265625
11045 2.9921531677246094
11004 1.9943714141845703
11004 2.9921531677246094
11004 1.9948482513427734
10990 2.9921531677246094
10990 2.991914749145508
10990 2.9921531677246094
10990 2.9914379119873047
10990 2.9921531677246094
10981 2.991914749145508
10957 2.0296573638916016
10955 1.9958019256591797
10951 1.993417739868164
10951 1.9922256469726562
10951 1.996755599975586
10934 1.9969940185546875
10934 1.9919872283935547
10934 3.954648971557617
10934 1.9946098327636719
10924 2.0265579223632812
10924 1.9960403442382812
10924 1.9927024841308594
10924 1.9993782043457031
10922 1.9931793212890625
10897 1.9927024841308594
10877 1.9974708557128906
10868 1.9948482513427734
10854 1.9888877868652344
10827 1.997232437133789
10827 1.9977092742919922
10803 1.9981861114501953
10782 1.9903182983398438
10782 2.992391586303711
10782 1.9977092742919922
10782 1.9941329956054688
10782 1.9927024841308594
10782 1.9948482513427734
10782 1.9965171813964844
10782 1.9936561584472656
10782 1.9931793212890625
10782 2.955913543701172
10764 1.995086669921875
10753 2.9931068420410156
10753 2.991914749145508
10753 2.9926300048828125
