4175 1.9943714141845703
4175 0.9973049163818359
4172 0.0
4130 0.9973049163818359
4130 0.0
4129 0.9973049163818359
4122 0.0
4100 0.9970664978027344
4100 0.0
4098 0.0
4091 0.9973049163818359
4058 0.0
4058 0.9975433349609375
3993 0.0
3968 0.9975433349609375
3950 0.0
3938 0.9970664978027344
3938 0.0
3938 0.9975433349609375
3937 1.0008811950683594
3921 1.0149478912353516
3921 0.0
3921 0.9770393371582031
3897 0.9975433349609375
3897 0.0
3888 1.0027885437011719
3888 0.0
3885 1.0221004486083984
3864 0.0
3864 0.9973049163818359
3864 0.0
3864 0.9982585906982422
3864 0.0
3858 0.9999275207519531
3858 0.0
3858 0.9939670562744141
3858 0.0
3806 0.9980201721191406
3806 0.0
3769 0.9939670562744141
3757 0.0
3721 0.0
3721 0.9968280792236328
3714 0.0
3714 0.0
3714 0.0
3712 1.001596450805664
3712 0.0
3712 0.9920597076416016
3704 0.0
3704 0.9670257568359375
3704 1.0004043579101562
3704 0.0
3697 0.9961128234863281
3613 0.0
3613 0.9963512420654297
3588 1.0292530059814453
3584 0.9646415710449219
3567 0.0
3544 0.0
3532 0.9965896606445312
3520 0.0
3520 0.9975433349609375
3496 0.9973049163818359
3495 0.0
3495 0.0
3481 0.9970664978027344
3481 0.0
3481 0.9973049163818359
3481 0.0
3469 0.9977817535400391
3469 0.0
3469 0.9970664978027344
3469 0.0
3469 0.9970664978027344
3464 0.0
3464 0.0
3458 0.9977817535400391
3446 0.0
3446 0.9970664978027344
3446 0.0
3422 0.9973049163818359
3405 0.9982585906982422
3403 1.0542869567871094
3403 0.9419918060302734
3403 0.9965896606445312
3403 0.0
3399 0.9970664978027344
3397 0.9973049163818359
3396 0.0
3396 0.9970664978027344
3359 0.9975433349609375
3359 0.9973049163818359
3348 0.0
3348 0.9970664978027344
3335 0.0
3335 0.9982585906982422
3335 0.9970664978027344
3335 0.0
3323 1.0094642639160156
3323 0.0
3323 0.9846687316894531
3323 0.0
3323 0.9977817535400391
3323 0.9973049163818359
3282 0.0
3273 1.9948482513427734
3273 1.0254383087158203
3262 0.0
3262 0.0
3262 0.9984970092773438
3262 0.0
3262 0.9984970092773438
3259 1.001596450805664
3259 0.0
3257 0.9930133819580078
3257 0.0
3257 0.0
3241 0.9996891021728516
3241 0.0
3241 0.9939670562744141
3241 0.0
3241 0.9970664978027344
3221 0.0
3221 1.0004043579101562
3221 0.0
3221 0.9949207305908203
3218 0.0
3215 0.0
3205 0.9980201721191406
3189 0.0
3184 0.9965896606445312
3184 0.0
3184 0.9970664978027344
3184 0.0
3184 0.9975433349609375
3184 0.0
3184 0.0
3184 0.9968280792236328
3169 0.0
3169 0.9665489196777344
3169 0.9982585906982422
3169 0.0
3169 0.9987354278564453
3169 0.9965896606445312
3169 0.9968280792236328
3169 0.0
3169 0.9977817535400391
3168 0.9968280792236328
3168 0.0
3154 0.9975433349609375
3154 0.9975433349609375
3154 0.9970664978027344
3154 0.0
3154 0.9973049163818359
3115 0.9973049163818359
3113 0.0
3102 0.9975433349609375
3102 0.9973049163818359
3097 0.9970664978027344
3097 0.0
3097 0.9963512420654297
3033 0.9973049163818359
3033 0.9980201721191406
3033 1.0285377502441406
3033 0.9968280792236328
3020 0.9970664978027344
3020 0.0
3020 0.0
3018 0.9658336639404297
3009 0.0
3009 0.9982585906982422
3007 0.9977817535400391
3000 0.0
3000 0.9984970092773438
3000 0.0
3000 0.9970664978027344
3000 0.0
3000 0.9968280792236328
3000 0.9970664978027344
3000 0.0
2993 0.9975433349609375
2993 0.0
2993 0.9980201721191406
2981 0.0
2981 0.9968280792236328
2981 0.9970664978027344
2981 0.0
2981 0.9970664978027344
2956 0.0
2956 0.9975433349609375
2950 0.9973049163818359
2950 0.0
2950 1.0273456573486328
2950 0.0
2939 0.9970664978027344
2939 0.0
2939 0.9980201721191406
2921 0.0
2921 0.9968280792236328
2921 0.0
2921 0.0
2910 0.9973049163818359
2910 0.0
2888 1.0008811950683594
2888 0.0
2883 0.9961128234863281
2883 0.0
2883 0.0
2883 0.9951591491699219
2883 0.0
2883 0.9973049163818359
2883 0.0
2883 0.9973049163818359
2880 0.0
2880 0.0
2880 0.9975433349609375
2880 0.0
2874 0.9970664978027344
2874 0.0
2874 0.9973049163818359
2874 0.0
2874 1.001596450805664
2874 0.0
2874 0.9937286376953125
2865 0.0
2865 0.0
2865 1.0006427764892578
2846 0.9646415710449219
2846 0.0
2815 1.026153564453125
2810 0.0
2810 0.9984970092773438
2810 0.0
2810 0.9961128234863281
2810 0.0
2810 0.0
2810 0.9973049163818359
2810 0.0
2810 0.9975433349609375
2810 0.0
2809 0.99945068359375
2809 0.0
2809 0.0
2809 0.9951591491699219
2809 0.0
2809 0.9968280792236328
2809 0.0
2805 0.9977817535400391
2805 0.0
2805 0.9970664978027344
2805 0.0
2805 0.0
2805 1.0037422180175781
2801 0.0
2801 0.995635986328125
2801 0.0
2801 0.9992122650146484
2778 0.0
2778 0.0
2762 0.9965896606445312
2762 0.0
2762 0.9963512420654297
2762 0.0
2762 0.9636878967285156
2762 0.0
2762 1.031637191772461
2743 0.0
2743 0.9968280792236328
2743 0.0
2743 0.0
2720 0.9999275207519531
2713 0.0
2713 0.9942054748535156
2713 0.0
2711 0.9627342224121094
2700 0.0
2700 1.0330677032470703
2700 0.0
2681 0.0
2681 1.003265380859375
2678 0.0
2678 0.9899139404296875
2678 0.0
2676 0.9984970092773438
2676 0.0
2676 0.0
2676 0.9963512420654297
2676 0.0
2676 0.9996891021728516
2676 0.0
2676 0.9949207305908203
2676 0.0
2676 0.9973049163818359
2676 0.0
2676 0.9992122650146484
2671 0.0
2651 0.0
2651 0.9965896606445312
2651 0.0
2651 1.0008811950683594
2651 0.0
2651 0.9584426879882812
2651 0.0
2643 1.031637191772461
2628 0.0
2628 0.0
2628 0.9999275207519531
2628 0.0
2628 0.9999275207519531
2626 0.0
2585 0.9975433349609375
2585 0.0
2574 0.0
2574 0.9932518005371094
2553 0.0
2553 0.9973049163818359
2511 0.0
2511 0.9963512420654297
2511 0.0
2511 0.0
2505 0.9982585906982422
2491 0.0
2491 0.9963512420654297
2491 0.0
2474 0.9999275207519531
2474 0.0
2474 0.0
2474 0.9944438934326172
2456 0.0
2456 0.9977817535400391
2456 0.0
2456 0.9982585906982422
2456 0.0
2456 0.0
2456 0.9963512420654297
2456 0.0
2456 0.9973049163818359
2456 0.0
2456 0.9982585906982422
2456 0.0
2456 0.9970664978027344
2456 0.0
2456 0.9989738464355469
2456 0.0
2456 0.0
2445 0.9951591491699219
2445 0.0
2445 1.0068416595458984
2445 0.0
2428 0.9937286376953125
2420 0.0
2409 0.0
2409 0.9911060333251953
2404 0.0
2401 0.9980201721191406
2401 0.0
2401 0.9975433349609375
2398 0.0
2398 0.0
2398 0.9961128234863281
2398 0.0
2398 0.9965896606445312
2383 0.0
2381 0.9984970092773438
2381 0.0
2381 0.0
2378 0.9973049163818359
2378 0.0
2378 1.0035037994384766
2378 0.0
2373 0.9927749633789062
2373 0.0
2373 0.0
2373 1.0001659393310547
2373 0.0
2373 0.9949207305908203
2373 0.0
2373 0.9593963623046875
2373 0.0
2373 0.9977817535400391
2370 0.0
2358 0.9970664978027344
2358 0.0
2351 0.9973049163818359
2337 0.0
2317 0.9970664978027344
2313 0.0
2313 0.0
2313 0.9975433349609375
2313 0.0
2304 0.9973049163818359
2304 0.0
2304 0.9973049163818359
2304 0.0
2304 0.9973049163818359
2300 0.0
2300 0.0
2300 0.9975433349609375
2300 0.0
2300 0.9970664978027344
2300 0.0
2300 0.9975433349609375
2300 0.0
2300 0.0
2300 0.9973049163818359
2251 0.0
2246 0.9973049163818359
2246 0.0
2246 0.9973049163818359
2241 0.0
2234 0.9975433349609375
2234 0.0
2231 0.0
2224 0.9970664978027344
2224 0.0
2224 0.9977817535400391
2223 1.0330677032470703
2223 0.0
2223 0.9987354278564453
2223 0.0
2223 0.0
2223 0.9968280792236328
2223 0.0
2213 0.9965896606445312
2213 0.0
2213 0.9968280792236328
2213 0.0
2213 0.0
2213 0.9982585906982422
2213 0.0
2213 0.9958744049072266
2213 0.0
2213 0.9996891021728516
2208 0.0
2208 0.0
2199 0.9953975677490234
2199 0.0
2199 0.9982585906982422
2199 0.0
2199 0.9977817535400391
2199 0.0
2199 0.0
2199 0.9961128234863281
2199 0.0
2199 0.9627342224121094
2187 0.9970664978027344
2147 0.9989738464355469
2136 0.0
2136 0.9965896606445312
2136 0.9961128234863281
2136 0.9984970092773438
2136 0.9970664978027344
2136 0.0
2136 0.9970664978027344
2136 0.9977817535400391
2136 0.0
2124 0.9970664978027344
2124 0.9973049163818359
2112 0.9973049163818359
2098 0.9961128234863281
2098 0.9975433349609375
2098 0.0
2091 1.0018348693847656
2091 0.9937286376953125
2091 0.0
2083 0.9977817535400391
2083 0.9970664978027344
2074 0.9973049163818359
2071 0.0
2071 0.9973049163818359
2071 0.9973049163818359
2071 1.0287761688232422
2069 0.0
2069 0.0
2069 0.9934902191162109
2069 0.0
2069 0.9996891021728516
2069 0.0
2069 0.9977817535400391
2059 0.9970664978027344
2059 0.0
2059 0.9973049163818359
2059 1.0001659393310547
2059 0.9944438934326172
2059 0.9973049163818359
2059 0.9996891021728516
2041 0.9992122650146484
2041 0.0
2035 0.9975433349609375
2035 0.9982585906982422
2035 0.9965896606445312
2035 0.99945068359375
2035 0.9951591491699219
2035 0.0
2035 1.9593238830566406
2035 0.0
2035 1.027822494506836
2035 0.0
2035 0.9973049163818359
2035 0.0
2035 0.0
2035 0.9977817535400391
2035 0.0
2035 0.9977817535400391
2035 0.0
1989 0.9963512420654297
1989 0.0
1989 0.0
1989 0.9977817535400391
1989 0.0
1978 0.9973049163818359
1978 0.0
1978 0.9944438934326172
1976 0.0
1969 0.0
1969 0.9999275207519531
1969 0.0
1969 1.001596450805664
1969 0.0
1969 1.0006427764892578
1969 0.0
1969 0.9946823120117188
1969 0.0
1969 0.0
1969 1.0004043579101562
1969 0.0
1969 0.9944438934326172
1969 0.0
1961 0.9973049163818359
1961 0.0
1954 0.9620189666748047
1954 0.0
1954 0.0
1954 1.0323524475097656
1954 0.0
1954 0.9968280792236328
1944 0.0
1944 0.9987354278564453
1944 0.0
1935 0.995635986328125
1935 0.0
1935 0.0
1922 1.0013580322265625
1922 0.0
1918 0.9968280792236328
1918 0.0
1918 0.9946823120117188
1918 0.0
1915 0.0
1915 0.9984970092773438
1915 0.0
1913 0.9965896606445312
1894 0.0
1894 0.9963512420654297
1884 0.0
1884 0.9984970092773438
1884 0.0
1879 0.0
1879 0.9977817535400391
1879 0.0
1879 0.9949207305908203
1879 0.0
1879 0.9989738464355469
1879 0.0
1879 0.0
1879 0.9968280792236328
1879 0.0
1879 0.9984970092773438
1879 0.0
1879 0.9915828704833984
1879 0.0
1879 0.9977817535400391
1879 0.0
1879 0.9660720825195312
1877 0.0
1877 0.9973049163818359
1877 0.0
1873 0.0
1870 0.9970664978027344
1868 0.0
1868 1.9946098327636719
1868 0.9996891021728516
1847 2.0008087158203125
1847 0.0
1836 0.9894371032714844
1836 0.9984970092773438
1836 0.9989738464355469
1836 0.9949207305908203
1836 0.0
1836 3.990650177001953
1836 0.0
1834 0.9963512420654297
1834 0.9973049163818359
1832 0.9977817535400391
1822 0.0
1822 0.9963512420654297
1822 0.0
1822 0.9977817535400391
1818 0.0
1818 0.9975433349609375
1818 0.0
1818 0.9965896606445312
1814 0.0
1813 0.9975433349609375
1813 0.0
1813 0.9970664978027344
1807 0.0
1807 0.9973049163818359
1793 0.0
1780 0.0
1780 0.9970664978027344
1780 0.0
1767 0.9980201721191406
1767 0.9977817535400391
1767 0.9987354278564453
1767 0.9965896606445312
1765 0.9963512420654297
1765 0.0
1762 1.028299331665039
1762 0.9658336639404297
1762 1.0287761688232422
1762 0.0
1757 0.9663105010986328
1757 0.9987354278564453
1757 0.0
1747 0.9958744049072266
1747 1.028299331665039
1747 0.0
1740 0.9658336639404297
1740 0.9973049163818359
1735 0.0
1735 0.9977817535400391
1735 0.9982585906982422
1735 0.0
1735 0.9975433349609375
1735 0.9963512420654297
1728 0.0
1728 1.0294914245605469
1728 1.9638538360595703
1728 0.0
1728 0.9987354278564453
1728 0.9958744049072266
1722 0.995635986328125
1722 0.0
1722 0.99945068359375
1709 0.0
1709 1.0018348693847656
1706 0.0
1706 0.0
1706 0.0
1705 0.9970664978027344
1705 0.9970664978027344
1705 0.0
1705 0.9975433349609375
1705 0.9970664978027344
1705 0.9961128234863281
1704 0.0
1698 0.9999275207519531
1698 0.0
1698 0.9965896606445312
1692 0.0
1692 0.9968280792236328
1692 0.9973049163818359
1692 0.0
1692 1.9946098327636719
1692 0.9970664978027344
1692 0.9958744049072266
1692 0.9987354278564453
1692 1.02996826171875
1692 0.0
1692 0.9644031524658203
1686 0.9963512420654297
1682 0.0
1682 0.9980201721191406
1682 0.9970664978027344
1682 0.0
1679 1.0330677032470703
1679 0.0
1673 0.0
1673 0.0
1673 1.028299331665039
1673 0.0
1673 0.9996891021728516
1660 0.0
1645 0.9989738464355469
1645 0.0
1645 0.9984970092773438
1643 0.0
1633 0.9975433349609375
1633 0.0
1633 0.9615421295166016
1633 0.9996891021728516
1633 0.9958744049072266
1633 0.0
1629 0.9970664978027344
1629 0.9973049163818359
1627 0.9973049163818359
1616 0.0
1616 0.9973049163818359
1616 0.9973049163818359
1616 0.9977817535400391
1616 0.0
1616 0.9968280792236328
1610 0.9975433349609375
1610 0.0
1610 0.9970664978027344
1610 0.9975433349609375
1610 0.9975433349609375
1598 0.0
1598 0.9970664978027344
1598 0.9970664978027344
1598 0.0
1598 0.9977817535400391
1598 0.0
1598 0.9975433349609375
1598 0.99945068359375
1598 0.9949207305908203
1598 0.9965896606445312
1598 0.9968280792236328
1597 0.9973049163818359
1577 0.9984970092773438
1577 1.0275840759277344
1577 0.0
1577 0.0
1577 0.9970664978027344
1577 0.0
1577 0.9980201721191406
1577 0.9658336639404297
1577 0.0
1574 0.9968280792236328
1570 0.0
1570 0.0
1570 0.9973049163818359
1570 0.0
1570 0.9970664978027344
1570 0.0
1570 0.9977817535400391
1565 0.0
1565 0.9973049163818359
1565 0.0
1565 0.0
1565 0.9970664978027344
1565 1.0285377502441406
1562 0.0
1562 0.9975433349609375
1562 0.0
1562 0.9996891021728516
1562 0.0
1556 0.0
1556 0.9949207305908203
1556 0.0
1556 0.9987354278564453
1556 0.0
1556 0.9961128234863281
1556 0.0
1556 0.9970664978027344
1553 0.0
1553 0.0
1553 0.9970664978027344
1546 0.0
1546 0.9975433349609375
1546 0.0
1546 0.9977817535400391
1546 0.0
1546 0.0
1546 1.0099411010742188
1546 0.0
1544 0.9899139404296875
1544 0.0
1544 1.0013580322265625
1544 0.9567737579345703
1544 0.0
1544 0.0
1544 0.0
1544 0.0
1544 0.9973049163818359
1544 0.0
1544 0.9977817535400391
1544 0.0
1544 0.9973049163818359
1544 0.0
1544 0.9970664978027344
1544 0.0
1544 0.9970664978027344
1544 0.0
1544 0.9975433349609375
1541 0.0
1541 0.9970664978027344
1541 0.0
1541 0.0
1541 0.9975433349609375
1541 0.0
1541 0.9973049163818359
1541 0.0
1541 0.9975433349609375
1541 0.0
1538 0.9973049163818359
1538 0.0
1538 1.0073184967041016
1538 0.0
1538 0.9870529174804688
1534 0.0
1534 0.0
1534 0.9973049163818359
1534 0.0
1534 0.9975433349609375
1534 0.0
1534 0.9973049163818359
1534 0.0
1534 0.9984970092773438
1534 0.9970664978027344
1534 0.0
1534 0.9973049163818359
1534 1.0266304016113281
1534 0.0
1534 0.9679794311523438
1534 0.0
1534 0.0
1534 1.0230541229248047
1534 0.0
1529 0.9973049163818359
1529 0.0
1529 0.9975433349609375
1529 0.0
1494 0.9717941284179688
1494 0.0
1494 0.9968280792236328
1494 0.0
1494 0.9965896606445312
1494 0.0
1494 0.9973049163818359
1483 0.0
1483 0.9975433349609375
1483 0.0
1483 0.0
1483 0.9973049163818359
1483 0.0
1483 0.9973049163818359
1478 0.0
1470 0.9973049163818359
1467 0.0
1467 0.9973049163818359
1462 0.0
1462 0.9973049163818359
1462 0.0
1462 0.0
1462 0.9970664978027344
1462 0.9982585906982422
1462 0.0
1462 0.9968280792236328
1462 0.0
1462 0.9970664978027344
1456 0.0
1456 0.9980201721191406
1456 0.0
1452 0.0
1452 0.9968280792236328
1452 0.0
1452 0.9970664978027344
1452 0.0
1452 0.9973049163818359
1452 0.0
1452 0.0
1452 0.9975433349609375
1452 0.0
1452 0.9973049163818359
1452 0.0
1452 0.9973049163818359
1452 0.0
1452 0.0
1452 0.9975433349609375
1452 0.0
1452 0.9970664978027344
1452 0.0
1443 0.9973049163818359
1443 0.0
1443 0.9973049163818359
1441 0.0
1437 0.0
1437 0.9977817535400391
1429 0.0
1429 0.9970664978027344
1429 0.0
1429 0.9973049163818359
1429 0.9982585906982422
1421 0.0
1421 0.9963512420654297
1421 0.0
1421 0.9973049163818359
1421 0.0
1421 0.0
1421 0.9973049163818359
1421 0.0
1421 0.9975433349609375
1421 0.0
1421 0.9973049163818359
1421 0.0
1421 0.9970664978027344
1421 0.0
1421 0.0
1421 0.9977817535400391
1421 0.0
1421 0.9970664978027344
1421 0.0
1421 0.9973049163818359
1421 0.0
1421 0.0
1421 0.9973049163818359
1421 0.0
1421 0.9975433349609375
1421 0.0
1421 0.9970664978027344
1421 0.0
1420 0.9973049163818359
1416 0.0
1416 0.0
1416 0.9975433349609375
1416 0.0
1416 0.9973049163818359
1416 0.0
1416 0.99945068359375
1416 0.9970664978027344
1416 0.9970664978027344
1416 0.0
1416 0.9970664978027344
1416 0.0
1416 0.9973049163818359
1416 0.9973049163818359
1414 0.0
1413 0.9973049163818359
1413 0.0
1413 0.9975433349609375
1413 0.9973049163818359
1413 0.9973049163818359
1413 0.0
1413 0.0
1413 0.9970664978027344
1413 0.9980201721191406
1413 0.9968280792236328
1413 0.0
1413 0.9973049163818359
1413 0.9975433349609375
1413 0.0
1386 0.9973049163818359
1386 0.0
1386 0.9973049163818359
1386 0.9973049163818359
1386 0.0
1386 0.9973049163818359
1377 0.9973049163818359
1377 0.0
1377 0.9973049163818359
1377 0.9977817535400391
1377 0.0
1377 0.9970664978027344
1377 0.0
1377 0.9973049163818359
1353 0.9970664978027344
1353 0.0
1353 0.9975433349609375
1353 0.9975433349609375
1353 0.9970664978027344
1353 0.0
1353 0.0
1353 0.9975433349609375
1352 0.9970664978027344
1352 0.9975433349609375
1352 0.0
1352 0.9973049163818359
1352 0.9989738464355469
1352 0.0
1352 0.995635986328125
1351 0.0
1351 0.9965896606445312
1351 1.0280609130859375
1351 0.0
1351 0.9968280792236328
1351 0.0
1351 0.9975433349609375
1347 0.0
1347 0.0
1343 0.9973049163818359
1343 0.0
1327 0.9951591491699219
1327 0.0
1327 0.9999275207519531
1327 0.0
1327 0.0
1327 0.9968280792236328
1327 0.0
1327 1.0025501251220703
1327 0.0
1327 0.9932518005371094
1327 0.0
1327 0.9963512420654297
1327 0.0
1327 0.0
1327 1.001119613647461
1327 0.0
1327 0.9975433349609375
