1044 0.9965896606445312
1044 0.0
1019 0.0
959 0.0
959 0.0
946 0.9973049163818359
937 0.0
931 0.0
931 0.0
929 0.0
929 0.0
899 0.0
899 0.0
890 0.0
890 0.9973049163818359
863 0.0
863 0.0
863 0.0
863 0.0
843 0.0
843 0.0
843 0.0
843 0.0
843 0.9970664978027344
843 0.0
824 0.0
824 0.0
813 0.0
751 0.0
745 0.0
745 0.0
745 0.0
745 0.9973049163818359
743 0.0
743 0.0
743 0.0
743 0.0
733 0.0
733 0.0
733 0.0
700 0.0
673 0.9973049163818359
673 0.0
673 0.0
664 0.0
664 0.0
664 0.0
664 0.0
664 0.0
660 0.0
660 0.9975433349609375
660 0.0
660 0.0
654 0.0
634 0.0
634 0.0
617 0.0
592 0.0
581 0.0
578 0.9970664978027344
578 0.0
578 0.0
566 0.0
548 0.0
548 0.0
548 0.0
548 0.0
548 0.9973049163818359
548 0.0
548 0.0
548 0.0
548 0.0
548 0.9984970092773438
548 0.0
541 0.0
533 0.0
533 0.0
527 0.0
514 1.0352134704589844
514 0.0
512 0.0
512 0.0
512 0.0
512 0.0
512 0.0
512 0.0
512 0.9896755218505859
512 0.0
511 0.0
510 0.0
507 0.0
506 0.0
506 0.0
506 0.0
506 0.0
506 0.9980201721191406
506 0.0
506 0.0
506 0.0
497 0.0
497 0.0
497 0.0
497 0.0
497 0.0
497 0.9984970092773438
497 0.0
497 0.0
497 0.0
486 0.0
486 0.0
486 0.0
486 0.0
486 0.0
486 0.9953975677490234
486 0.0
486 0.0
486 0.0
486 0.0
486 0.0
486 0.0
486 0.0
486 0.0
486 1.0001659393310547
486 0.0
486 0.0
482 0.0
482 0.0
482 0.0
482 0.0
477 0.0
452 0.9944438934326172
452 0.0
451 0.0
451 0.0
451 0.0
451 0.0
451 0.0
451 0.0
441 0.0
436 0.9989738464355469
436 0.0
430 0.0
430 0.0
430 0.0
430 0.0
430 0.0
428 0.0
428 0.0
424 0.9982585906982422
423 0.0
403 0.0
403 0.0
403 0.0
403 0.0
403 0.0
390 0.0
390 0.9949207305908203
389 0.0
389 0.0
388 0.0
388 0.0
388 0.0
388 0.0
388 0.0
388 0.0
388 1.0042190551757812
386 0.0
386 0.0
386 0.0
386 0.0
385 0.0
384 0.0
384 0.0
384 0.0
384 0.9953975677490234
384 0.0
384 0.0
384 0.0
384 0.0
384 0.0
384 0.0
382 0.0
382 0.9973049163818359
382 0.0
379 0.0
379 0.0
379 0.0
379 0.0
379 0.0
373 0.0
373 0.0
370 0.9942054748535156
370 0.0
370 0.0
370 0.0
368 0.0
368 0.0
368 0.0
368 0.0
368 0.0
362 1.0001659393310547
362 0.0
357 0.0
357 0.0
357 0.0
357 0.0
357 0.0
357 0.0
357 0.0
357 0.9980201721191406
357 0.0
357 0.0
357 0.0
357 0.0
357 0.0
357 0.0
357 1.0001659393310547
357 0.0
357 0.0
354 0.0
354 0.0
354 0.0
354 0.9953975677490234
354 0.0
354 0.0
354 0.0
354 0.0
351 0.0
351 1.0004043579101562
351 0.0
351 0.0
351 0.0
349 0.0
349 0.0
349 0.0
349 0.0
349 0.0
349 0.9927749633789062
349 0.0
349 0.0
349 0.0
349 0.0
349 0.0
349 0.0
341 0.0
341 0.0
341 0.9975433349609375
329 0.0
317 0.0
317 0.0
317 0.0
317 0.0
317 0.0
317 0.0
317 0.9953975677490234
317 0.0
304 0.0
304 0.0
304 0.0
304 0.0
304 0.0
304 0.0
304 0.0
304 0.9987354278564453
302 0.0
302 0.0
302 0.0
294 0.0
294 0.0
294 0.9973049163818359
294 0.0
294 0.0
292 0.0
292 0.0
292 0.0
292 0.0
289 0.0
289 0.0
289 1.0004043579101562
289 0.0
289 0.0
289 0.0
289 0.0
289 0.0
289 0.0
283 0.0
277 0.9946823120117188
277 0.0
277 0.0
277 0.0
275 0.0
275 0.0
275 0.0
275 0.0
275 0.0
275 0.9987354278564453
275 0.0
272 0.0
272 0.0
272 0.0
272 0.0
272 0.0
265 0.0
265 0.0
265 0.9953975677490234
265 0.0
263 0.0
263 0.0
263 0.0
263 0.0
263 0.0
263 0.0
262 0.0
253 0.9973049163818359
253 0.0
247 0.0
247 0.0
242 0.0
242 0.0
242 0.0
242 0.0
241 0.0
241 0.9958744049072266
241 0.0
241 0.0
241 0.0
241 0.0
241 0.0
241 0.0
241 0.0
241 0.9989738464355469
241 0.0
241 0.0
241 0.0
241 0.0
241 0.0
241 0.0
241 0.0
241 0.0
241 0.9977817535400391
241 0.0
241 0.0
241 0.0
241 0.0
241 0.0
241 0.0
241 0.0
241 0.9615421295166016
241 0.0
241 0.0
241 0.0
241 0.0
241 1.0395050048828125
241 0.0
240 0.0
240 0.0
240 0.0
240 0.0
240 0.0
240 0.0
240 0.9927749633789062
240 0.0
240 0.0
236 0.0
236 0.0
236 0.0
236 0.0
236 0.0
236 0.0
236 0.9951591491699219
236 0.0
235 0.0
235 0.0
235 0.0
235 0.0
235 0.0
235 0.0
235 0.9992122650146484
235 0.0
235 0.0
233 0.0
233 0.0
233 0.0
233 0.0
233 0.0
233 0.0
233 0.9939670562744141
233 0.0
233 0.0
233 0.0
233 0.0
233 0.0
233 0.0
233 0.9644031524658203
233 0.0
233 0.0
233 0.0
233 0.0
233 0.0
233 0.0
233 0.0
227 0.0
227 1.0318756103515625
222 0.0
222 0.0
222 0.0
222 0.0
218 0.0
218 0.0
218 0.0
216 1.0001659393310547
216 0.0
213 0.0
213 0.0
213 0.0
213 0.9610652923583984
213 0.0
213 0.0
213 0.0
213 0.0
213 0.0
213 0.0
213 0.9951591491699219
213 0.0
213 0.0
213 0.0
213 0.0
213 0.0
213 0.0
206 0.0
206 0.9970664978027344
199 0.0
199 0.0
199 0.0
199 0.0
199 0.0
199 0.0
199 0.0
199 0.0
197 0.9970664978027344
196 0.0
196 0.0
196 0.0
196 0.0
196 0.0
196 0.0
196 0.0
196 0.0
196 0.9975433349609375
196 0.0
196 0.0
196 0.0
196 0.0
194 0.0
194 0.0
194 0.9975433349609375
194 0.0
194 0.0
194 0.0
194 0.0
194 0.0
194 0.0
194 0.0
194 0.0
194 0.9970664978027344
194 0.0
194 0.0
194 0.0
194 0.0
194 0.0
194 0.0
194 0.0
194 0.0
194 0.9975433349609375
194 0.0
194 0.0
194 0.0
194 0.0
194 0.0
194 0.9984970092773438
194 0.0
194 0.0
194 0.0
194 0.0
194 0.0
194 0.0
194 0.0
194 0.0
194 1.0273456573486328
192 0.0
192 0.0
192 0.0
192 0.0
192 0.0
192 0.0
192 0.0
192 0.9992122650146484
192 0.0
192 0.0
192 0.0
192 0.0
192 0.0
192 0.0
192 0.0
192 0.0
192 1.0004043579101562
192 0.0
192 0.0
192 0.0
192 0.0
192 0.0
191 0.0
191 0.0
191 0.9953975677490234
191 0.0
191 0.0
191 0.0
191 0.0
191 0.0
191 0.0
191 0.0
191 0.0
191 1.0004043579101562
191 0.0
191 0.0
191 0.0
191 0.0
191 0.0
191 0.0
182 0.0
182 0.0
182 0.9977817535400391
182 0.0
182 0.0
182 0.0
182 0.0
182 0.0
182 0.0
182 0.0
182 0.0
181 0.9984970092773438
181 0.0
181 0.0
181 0.0
181 0.0
181 0.0
181 0.0
181 0.0
181 0.9946823120117188
181 0.0
181 0.0
181 0.0
181 0.0
173 0.0
173 0.0
173 0.0
173 0.0
173 1.0004043579101562
173 0.0
173 0.0
173 0.0
173 0.0
173 0.0
173 0.0
173 0.0
173 0.0
173 0.9934902191162109
173 0.0
173 0.0
173 0.0
173 0.0
173 0.0
173 0.0
173 0.9992122650146484
173 0.0
173 0.0
173 0.0
173 0.0
172 0.0
171 0.0
171 0.0
171 0.0
171 0.9932518005371094
171 0.0
171 0.0
171 0.0
171 0.0
171 0.0
171 0.0
171 0.0
171 0.0
171 0.99945068359375
171 0.0
171 0.0
171 0.0
171 0.0
171 0.0
171 0.0
171 0.0
170 0.0
170 0.9973049163818359
170 0.0
170 0.0
170 0.0
170 0.0
170 0.0
170 0.0
170 0.0
170 1.0006427764892578
167 0.0
165 0.0
165 0.0
165 0.0
165 0.0
165 0.0
165 0.0
165 0.0
163 0.9951591491699219
163 0.0
163 0.0
163 0.0
163 0.0
163 0.0
163 0.9629726409912109
163 0.0
163 0.0
161 0.0
161 0.0
161 0.9965896606445312
161 0.0
161 0.0
161 0.0
161 0.0
161 0.9973049163818359
161 0.0
161 0.0
161 0.0
143 0.0
143 0.0
143 0.0
143 0.0
143 0.0
143 0.9970664978027344
143 0.0
143 0.0
143 0.0
142 0.0
142 0.9975433349609375
141 0.0
141 0.0
141 0.0
141 0.0
141 0.0
141 0.0
141 0.0
141 0.9975433349609375
141 0.0
141 0.0
141 0.0
141 0.0
141 0.9970664978027344
141 0.0
141 0.0
141 0.0
141 0.0
141 0.0
141 0.9973049163818359
141 0.0
141 0.0
141 0.0
141 0.0
141 0.9973049163818359
139 0.0
139 0.0
139 0.0
139 0.0
139 0.0
139 0.0
139 0.9973049163818359
136 0.0
136 0.0
136 0.0
136 0.0
136 0.9975433349609375
130 0.0
130 0.0
130 0.0
130 0.0
130 0.9970664978027344
130 0.0
130 0.0
130 0.0
130 0.0
130 0.0
130 0.9973049163818359
130 0.0
130 0.0
130 0.0
130 0.0
130 0.9975433349609375
130 0.0
130 0.0
130 0.0
130 0.0
130 0.0
130 0.9973049163818359
130 0.0
130 0.0
130 0.0
130 0.0
130 0.9973049163818359
130 0.0
130 0.0
130 0.0
130 0.0
130 0.9987354278564453
130 0.0
130 0.0
130 0.0
130 0.0
130 1.0309219360351562
128 0.0
128 0.0
128 0.0
128 0.0
128 0.0
128 0.0
128 0.0
128 0.0
128 0.9973049163818359
128 0.0
128 0.0
128 0.0
128 0.0
128 0.0
128 0.0
128 0.0
128 0.0
128 0.9944438934326172
128 0.0
128 0.0
128 0.0
128 0.0
128 0.0
128 0.0
128 0.0
128 0.99945068359375
128 0.0
128 0.0
128 0.0
128 0.0
128 0.0
128 0.0
128 0.9989738464355469
127 0.0
127 0.0
127 0.0
127 0.0
127 0.0
127 0.0
127 0.0
127 0.0
127 0.9989738464355469
127 0.0
127 0.0
127 0.0
127 0.0
127 0.0
127 0.0
127 0.0
127 0.0
127 0.0
127 0.0
127 0.0
127 0.0
127 0.0
127 0.0
127 0.0
127 0.0
127 1.0006427764892578
127 0.0
127 0.0
127 0.0
127 0.0
127 0.0
127 0.0
127 0.0
127 0.0
127 0.9946823120117188
127 0.0
127 0.0
127 0.0
127 0.0
127 0.0
127 0.0
127 0.0
127 0.0
127 0.9992122650146484
127 0.0
127 0.0
127 0.0
127 0.0
127 0.0
127 0.0
127 0.0
127 0.0
127 0.9987354278564453
127 0.0
126 0.0
126 0.0
126 0.0
126 0.0
126 0.0
126 0.0
126 0.0
126 0.9944438934326172
126 0.0
126 0.0
126 0.0
126 0.0
126 0.0
126 0.0
126 0.0
126 0.0
126 0.0
126 0.0
126 0.0
126 0.0
126 0.9620189666748047
126 0.0
126 0.0
126 0.0
126 0.0
126 0.0
126 0.0
126 0.0
126 0.0
126 0.9973049163818359
126 0.0
126 0.0
126 0.0
125 0.0
125 0.0
123 0.0
123 0.0
123 0.0
123 0.9970664978027344
123 0.0
123 0.0
123 0.0
123 0.0
123 0.0
123 0.0
121 0.0
121 0.0
121 0.0
121 0.0
121 0.0
121 0.0
121 0.0
121 0.0
121 0.0
121 1.0335445404052734
121 0.0
121 0.0
121 0.0
121 0.0
121 0.0
121 0.0
121 0.0
121 0.0
121 0.9946823120117188
121 0.0
121 0.0
121 0.0
119 0.0
119 0.0
119 0.0
119 0.0
118 0.9999275207519531
118 0.0
117 0.0
117 0.0
117 0.0
117 0.0
117 0.0
117 0.0
117 0.0
117 0.9968280792236328
117 0.0
117 0.0
117 0.0
117 0.0
117 0.0
117 0.0
117 0.0
117 0.0
117 1.0001659393310547
117 0.0
117 0.0
117 0.0
117 0.0
117 0.0
117 0.0
117 0.0
117 0.0
117 0.9944438934326172
117 0.0
117 0.0
117 0.0
117 0.0
117 0.0
117 0.0
117 0.0
117 0.0
116 0.0
116 0.0
116 0.0
116 0.0
116 0.0
116 0.0
116 0.0
116 0.9949207305908203
116 0.0
116 0.0
116 0.0
116 0.0
116 0.0
116 0.0
116 0.0
116 0.0
116 0.9984970092773438
116 0.0
116 0.0
116 0.0
116 0.0
116 0.0
116 0.0
116 0.0
116 0.0
116 0.9932518005371094
116 0.0
116 0.0
116 0.0
116 0.0
116 0.0
116 0.0
116 0.0
116 0.0
116 1.0020732879638672
114 0.0
114 0.0
114 0.0
114 0.0
114 0.0
114 0.0
114 0.0
114 0.9946823120117188
113 0.0
113 0.0
113 0.0
113 0.0
113 0.0
113 0.0
113 0.0
113 0.9617805480957031
113 0.0
113 0.0
113 0.0
113 0.0
113 0.0
113 0.0
113 0.0
113 0.0
113 1.0325908660888672
113 0.0
113 0.0
113 0.0
113 0.0
113 0.0
113 0.0
113 0.0
113 0.0
113 0.9987354278564453
113 0.0
113 0.0
113 0.0
113 0.0
113 0.0
113 0.0
113 0.0
113 0.0
113 1.0020732879638672
113 0.0
113 0.0
113 0.0
113 0.0
113 0.0
113 0.0
113 0.9922981262207031
113 0.0
