145716 181.47897720336914
145702 17.920255661010742
145684 17.95196533203125
145651 20.97034454345703
145648 17.957210540771484
145606 17.920494079589844
145583 20.945310592651367
145554 22.93848991394043
145554 21.941423416137695
145554 17.949819564819336
145541 20.94435691833496
145532 28.922557830810547
145532 18.987178802490234
145482 20.93672752380371
145473 17.95172691345215
145471 18.94855499267578
145471 19.946575164794922
145471 22.941112518310547
145420 19.978046417236328
145420 19.94490623474121
145420 21.911144256591797
145409 21.94380760192871
145409 19.9739933013916
145367 20.944833755493164
145367 25.90799331665039
145333 18.970727920532227
145297 18.94974708557129
145265 18.949031829833984
145261 18.952608108520508
145261 24.93000030517578
145261 17.951011657714844
145261 21.9113826751709
145261 18.986940383911133
145241 17.94886589050293
145237 17.917394638061523
145235 16.98899269104004
145214 18.913984298706055
145205 22.93872833251953
145205 22.938251495361328
145195 24.933576583862305
145181 24.9330997467041
145166 21.939992904663086
145153 18.950700759887695
145142 23.93651008605957
145142 19.94633674621582
145142 25.930166244506836
145142 25.92945098876953
145137 18.98050308227539
145131 18.918275833129883
145131 18.949031829833984
145078 17.983436584472656
145059 18.91803741455078
145059 17.98868179321289
145049 17.946720123291016
145019 16.954898834228516
145019 17.955541610717773
145019 16.9522762298584
145019 21.909713745117188
145019 23.93627166748047
145014 40.89522361755371
145006 26.927947998046875
144978 22.93848991394043
144957 27.925491333007812
144953 20.940780639648438
144953 21.94356918334961
144943 27.98748016357422
144943 28.920888900756836
144920 23.94556999206543
144920 22.947072982788086
144920 28.893232345581055
144920 24.96504783630371
144920 23.904085159301758
144919 25.930404663085938
144919 29.94990348815918
144878 31.914710998535156
144878 29.891252517700195
144796 29.923677444458008
144796 30.924081802368164
144796 33.910512924194336
144796 24.94978904724121
144773 31.88467025756836
144773 32.91010856628418
144749 30.913591384887695
144715 28.922557830810547
144691 34.908294677734375
144658 32.912254333496094
144624 36.90171241760254
144610 28.951406478881836
144610 18.91803741455078
144584 18.986225128173828
144557 19.979476928710938
144524 21.908998489379883
144524 21.97575569152832
144524 27.9233455657959
144524 21.907329559326172
144517 22.940397262573242
144489 21.941184997558594
144485 22.966623306274414
144485 30.916929244995117
144454 28.923749923706055
144454 19.9129581451416
144445 21.943330764770508
144370 19.943952560424805
144353 22.908449172973633
144353 24.931669235229492
144314 20.975828170776367
144238 20.945310592651367
144238 23.934364318847656
144236 21.910667419433594
144236 19.946813583374023
144220 22.939682006835938
144209 22.96900749206543
144209 19.945859909057617
144188 25.93064308166504
144168 34.93380546569824
144110 19.951581954956055
144110 26.892900466918945
144110 21.909475326538086
144066 38.896799087524414
144066 24.933815002441406
144066 21.941423416137695
144066 18.918514251708984
144066 56.84924125671387
144046 28.95355224609375
144046 21.9419002532959
144039 17.95029640197754
144029 21.930694580078125
144029 17.952680587768555
144029 19.970417022705078
144028 20.888566970825195
144014 17.99798011779785
143966 16.910314559936523
143966 24.9330997467041
143966 25.92945098876953
143966 29.920578002929688
143966 16.991138458251953
143966 17.946720123291016
143899 17.91977882385254
143899 17.95172691345215
143848 16.954898834228516
143848 17.951250076293945
143848 18.949508666992188
143832 17.95220375061035
143832 21.942615509033203
143832 25.92921257019043
143832 30.91716766357422
143832 17.98272132873535
143832 21.91162109375
143818 18.98503303527832
143816 19.975900650024414
143805 23.905038833618164
143795 24.932146072387695
143795 21.9724178314209
143792 19.917964935302734
143792 24.932861328125
143792 21.971464157104492
143737 22.906780242919922
143737 22.967815399169922
143708 21.911144256591797
143634 19.982576370239258
143623 19.94037628173828
143574 18.94974708557129
143574 20.974159240722656
143521 19.94633674621582
143521 22.909164428710938
143505 20.94292640686035
143483 17.950773239135742
143483 18.987655639648438
143458 17.953157424926758
143458 23.93198013305664
143415 22.90654182434082
143410 23.938417434692383
143410 18.976926803588867
143384 18.950939178466797
143384 21.909475326538086
143384 33.907413482666016
143384 19.97852325439453
143382 18.948793411254883
143363 18.949031829833984
143363 17.954587936401367
143342 18.942594528198242
143342 19.92058753967285
143336 24.963855743408203
143336 19.9129581451416
143336 18.949270248413086
143336 19.945621490478516
143336 18.9511775970459
143336 23.935556411743164
143326 19.983768463134766
143304 18.910884857177734
143304 18.9516544342041
143282 18.91493797302246
143257 17.950773239135742
143257 18.98050308227539
143257 18.91803741455078
143257 17.988204956054688
143219 19.98162269592285
143219 16.922950744628906
143213 21.972179412841797
143191 83.7564468383789
143191 25.934934616088867
143191 27.933120727539062
143158 25.95376968383789
143147 30.88688850402832
143147 30.947208404541016
143136 26.90267562866211
143136 38.91611099243164
143136 30.88665008544922
143132 23.96845817565918
143132 22.90630340576172
143132 24.96504783630371
143132 18.949031829833984
143127 21.941184997558594
143127 19.915342330932617
143127 20.94411849975586
143118 19.982576370239258
143101 20.937442779541016
143085 19.915342330932617
143085 19.977807998657227
143085 19.951820373535156
143076 21.905899047851562
143076 24.958133697509766
143076 26.90267562866211
143076 23.97012710571289
143023 20.934104919433594
143005 19.95539665222168
143005 20.91073989868164
143005 24.942398071289062
142985 20.966291427612305
142985 18.94998550415039
142985 31.884193420410156
142985 27.93145179748535
142985 22.954225540161133
142967 20.912647247314453
142967 30.91907501220703
142967 49.896955490112305
142967 21.940231323242188
142929 18.91803741455078
142929 19.94633674621582
142906 23.937463760375977
142862 18.947601318359375
142845 17.92120933532715
142828 20.982027053833008
142828 17.945528030395508
142828 16.95561408996582
142828 16.956329345703125
142819 18.914222717285156
142772 25.930404663085938
142699 24.932384490966797
142671 25.931835174560547
142671 19.94490623474121
142667 17.95196533203125
142664 21.977901458740234
142664 16.95108413696289
142662 17.95363426208496
142624 19.9124813079834
142572 24.933338165283203
142564 24.933338165283203
142560 24.933338165283203
142543 18.97716522216797
142543 19.91558074951172
142519 20.94244956970215
142519 28.891801834106445
142519 51.86128616333008
142511 24.939537048339844
142493 31.913042068481445
142493 24.96337890625
142489 19.94776725769043
142459 19.916296005249023
142459 19.976139068603516
142448 20.91360092163086
142448 25.92921257019043
142448 17.95196533203125
142428 18.978595733642578
142428 21.9118595123291
142428 19.97661590576172
142402 19.94800567626953
142385 17.920970916748047
142385 18.98050308227539
142385 20.912885665893555
142363 18.980741500854492
142363 19.918203353881836
142362 18.94664764404297
142362 18.949508666992188
142360 18.949031829833984
142360 22.908926010131836
142317 20.94435691833496
142308 20.974159240722656
142308 27.924537658691406
142308 19.94609832763672
142299 21.97265625
142263 24.963855743408203
142263 18.949031829833984
142263 20.944595336914062
142256 35.8736515045166
142256 19.945383071899414
142256 27.95696258544922
142256 24.935245513916016
142239 18.9821720123291
142239 18.915176391601562
142239 22.940397262573242
142187 37.89806365966797
142187 60.8363151550293
142119 83.77933502197266
142119 76.93338394165039
142119 50.849199295043945
142119 29.918909072875977
142111 22.938013076782227
142111 26.92890167236328
142111 25.934457778930664
142111 25.92921257019043
142105 26.927709579467773
142105 22.939443588256836
142105 20.944833755493164
142088 17.982006072998047
142088 18.977642059326172
142061 20.91670036315918
142032 19.944429397583008
141994 20.947933197021484
141994 24.92976188659668
141961 18.980979919433594
141961 22.90511131286621
141952 26.92580223083496
141907 21.94070816040039
141894 20.943403244018555
141894 19.945621490478516
141888 20.97797393798828
141888 19.91415023803711
141888 20.943641662597656
141888 20.97463607788086
141853 27.95886993408203
141853 18.98050308227539
141816 20.943880081176758
141788 19.940853118896484
141788 18.98050308227539
141788 17.920255661010742
141788 17.982959747314453
141788 17.91858673095703
141788 22.93992042541504
141788 19.945144653320312
141764 19.978046417236328
141764 19.949674606323242
141764 19.912242889404297
141764 19.948959350585938
141759 26.95751190185547
141743 28.893470764160156
141733 30.918598175048828
141719 18.947839736938477
141719 22.940635681152344
141719 24.932861328125
141695 23.974180221557617
141677 16.9527530670166
141657 16.956090927124023
141657 16.95418357849121
141649 17.997264862060547
141639 17.94123649597168
141603 16.951799392700195
141597 17.95482635498047
141562 16.953706741333008
141562 16.953468322753906
141562 17.95220375061035
141562 17.95482635498047
141562 17.917633056640625
141562 17.95196533203125
141534 19.98281478881836
141484 17.96102523803711
141484 17.938852310180664
141484 16.96157455444336
141466 17.952442169189453
141422 19.910097122192383
141418 40.89021682739258
141418 25.96449851989746
141403 27.990341186523438
141403 24.86395835876465
141403 30.913352966308594
141403 23.936986923217773
141403 21.939992904663086
141387 22.93872833251953
141387 19.945621490478516
141359 17.98272132873535
141359 17.954587936401367
141359 17.917633056640625
141293 17.95220375061035
141293 17.95196533203125
141293 17.95196533203125
141200 17.95196533203125
141164 17.95196533203125
141141 17.95172691345215
141138 17.917633056640625
141138 21.970748901367188
141127 19.916296005249023
141112 18.94831657409668
141045 19.948959350585938
141045 20.916461944580078
141045 21.939992904663086
141045 19.977807998657227
141045 18.918514251708984
141031 21.938085556030273
141031 21.910905838012695
141031 19.976377487182617
141029 18.977642059326172
141029 16.92485809326172
141026 18.949508666992188
141026 24.93453025817871
141026 19.945383071899414
141026 41.88704490661621
141026 36.90075874328613
140990 45.87721824645996
140990 35.9034538269043
140970 36.90195083618164
140970 27.924299240112305
140960 28.922080993652344
140938 21.974563598632812
140938 24.901151657104492
140895 18.948793411254883
140869 25.93064308166504
140869 17.983675003051758
140863 18.949508666992188
140851 18.917322158813477
140847 17.98272132873535
140847 18.91803741455078
140847 23.936033248901367
140828 22.93992042541504
140827 18.983125686645508
140792 18.913745880126953
140777 18.987178802490234
140777 17.914533615112305
140723 19.947528839111328
140718 25.92921257019043
140718 23.935317993164062
140718 25.93088150024414
140718 26.957988739013672
140718 17.917871475219727
140699 23.937225341796875
140699 25.93088150024414
140682 36.902666091918945
140674 50.86374282836914
140672 25.963544845581055
140672 26.92580223083496
140672 22.908449172973633
140672 18.947362899780273
140656 22.93872833251953
140614 31.916141510009766
140614 21.940231323242188
140614 22.939682006835938
140614 23.934364318847656
140596 21.942615509033203
140564 19.946575164794922
140564 36.90457344055176
140488 39.89243507385254
140470 38.89346122741699
140470 38.89727592468262
140470 33.90836715698242
140452 33.908843994140625
140408 23.936033248901367
140403 19.947528839111328
140392 20.94244956970215
140360 18.949270248413086
140343 18.98980140686035
140343 18.94688606262207
140343 21.904945373535156
140302 20.94244956970215
140301 21.942615509033203
140301 18.949270248413086
140286 20.943641662597656
140286 18.949270248413086
140284 18.982648849487305
140265 22.90821075439453
140265 36.90361976623535
140245 40.88759422302246
140213 41.8858528137207
140213 33.91098976135254
140194 22.937536239624023
140194 26.927471160888672
140194 19.94633674621582
140194 21.9423770904541
140194 21.939516067504883
140194 18.983840942382812
140185 20.98226547241211
140185 24.89495277404785
140185 18.944978713989258
140176 23.90599250793457
140176 18.94831657409668
140174 20.94578742980957
140154 21.971464157104492
140114 22.93992042541504
140111 20.91217041015625
140060 20.97177505493164
140045 21.94356918334961
140045 17.920255661010742
140026 20.94554901123047
140026 19.983530044555664
140026 16.953706741333008
140015 18.91350746154785
140015 19.947052001953125
140008 17.951488494873047
140008 16.954421997070312
139997 20.94578742980957
139997 23.936033248901367
139986 19.977807998657227
139986 18.95451545715332
139977 18.94664764404297
139972 17.956018447875977
139972 20.91360092163086
139960 22.96900749206543
139946 17.954111099243164
139946 20.911216735839844
139905 22.93705940246582
139905 18.9516544342041
139886 21.970510482788086
139886 17.952680587768555
139886 18.918514251708984
139876 24.966001510620117
139876 19.944190979003906
139876 18.951892852783203
139876 20.911455154418945
139800 23.934602737426758
139786 21.973371505737305
139786 19.94776725769043
139772 17.954587936401367
139772 18.982410430908203
139761 17.917871475219727
139749 18.980741500854492
139749 20.914077758789062
139748 33.90812873840332
139748 21.9419002532959
139748 16.955852508544922
139737 20.91383934020996
139694 21.973609924316406
139694 20.911455154418945
139694 18.98336410522461
139694 18.91779899597168
139677 22.94015884399414
139677 17.950057983398438
139677 25.93207359313965
139659 23.935317993164062
139659 17.986774444580078
139659 17.95196533203125
139659 17.951488494873047
139638 21.90685272216797
139599 27.924537658691406
139582 20.973920822143555
139582 23.90599250793457
139582 28.95379066467285
139582 42.86551475524902
139582 61.86723709106445
139582 23.901700973510742
139527 25.95973014831543
139489 22.909164428710938
139489 22.939682006835938
139489 38.89656066894531
139489 26.928186416625977
139489 21.941423416137695
139485 24.93572235107422
139485 20.940542221069336
139477 18.94998550415039
139458 22.97496795654297
139458 16.954660415649414
139458 23.897409439086914
139458 33.90622138977051
139458 47.87325859069824
139458 34.90304946899414
139436 22.971153259277344
139436 22.938251495361328
139436 22.938966751098633
139436 29.9222469329834
139434 27.930259704589844
139411 31.90779685974121
139404 24.930715560913086
139382 27.927398681640625
139378 32.91034698486328
139376 31.914949417114258
139367 23.96535873413086
139332 22.93562889099121
139332 22.95064926147461
139315 23.904800415039062
139296 25.930166244506836
139296 19.946575164794922
139296 20.944833755493164
139296 18.98050308227539
139296 21.910429000854492
139296 19.97685432434082
139296 21.938085556030273
139296 18.949508666992188
139296 21.910667419433594
139296 19.945144653320312
139296 19.97828483581543
139296 20.91073989868164
139289 20.977497100830078
139230 22.905349731445312
139215 20.97487449645996
139206 34.873247146606445
139206 24.933576583862305
139197 20.941734313964844
139180 17.952919006347656
139162 30.918121337890625
139162 24.937152862548828
139151 28.917312622070312
139151 25.92158317565918
139145 20.945310592651367
139145 23.934364318847656
139104 16.954898834228516
139095 16.954421997070312
139060 18.94831657409668
139060 22.94015884399414
139007 26.92866325378418
139007 28.92303466796875
139007 23.968935012817383
138990 21.909236907958984
138990 19.94490623474121
138984 18.980026245117188
138984 20.912885665893555
138984 22.94015884399414
138957 24.962186813354492
138933 18.919706344604492
138932 18.980026245117188
138932 19.944190979003906
138932 20.916461944580078
138913 21.971464157104492
138901 18.9511775970459
138898 18.915891647338867
138898 20.976781845092773
138880 18.91636848449707
138876 17.95482635498047
138863 23.936033248901367
138850 24.962663650512695
138850 16.962528228759766
138843 17.94886589050293
138804 17.917871475219727
138804 17.95220375061035
138804 20.945072174072266
138792 22.9799747467041
138791 18.919706344604492
138780 24.9330997467041
138745 18.980026245117188
138716 17.950057983398438
138716 17.951488494873047
138716 18.949031829833984
138707 18.977880477905273
138707 19.917964935302734
138690 18.949508666992188
138683 19.948482513427734
138683 21.939754486083984
138683 18.98336410522461
138663 19.938945770263672
138663 26.930809020996094
138655 31.913280487060547
138655 27.925729751586914
138652 18.977642059326172
138652 19.916772842407227
138588 20.974159240722656
138588 17.92430877685547
138588 18.98360252380371
138588 17.982959747314453
138582 18.949270248413086
138582 20.943880081176758
138582 23.89979362487793
138535 23.935556411743164
138505 17.995834350585938
138467 17.937183380126953
138467 17.923355102539062
138454 21.941423416137695
138380 20.973920822143555
138371 19.916534423828125
138349 23.902177810668945
138349 23.97012710571289
138349 18.913745880126953
138333 17.95196533203125
138331 18.94974708557129
138328 17.951488494873047
138305 19.946813583374023
138272 18.94974708557129
138249 21.94070816040039
138249 16.994476318359375
138249 17.94743537902832
138249 17.917156219482422
138249 15.96522331237793
138194 16.957521438598633
138182 16.913890838623047
138137 22.939682006835938
138135 18.947601318359375
138111 16.954660415649414
138045 17.95196533203125
138015 17.953157424926758
137969 17.95196533203125
137969 17.98534393310547
137969 21.907329559326172
137966 121.6437816619873
137966 27.955293655395508
137927 22.907257080078125
137927 22.969961166381836
137891 19.917726516723633
137891 23.93651008605957
137864 17.956256866455078
137834 18.97573471069336
137818 18.947124481201172
137817 17.948627471923828
137794 16.92342758178711
137780 19.94800567626953
137756 27.92525291442871
137756 30.916690826416016
137740 23.936033248901367
137733 16.952991485595703
137733 16.95394515991211
137722 17.951488494873047
137708 23.937463760375977
137708 25.92945098876953
137684 19.947290420532227
137684 21.971464157104492
137684 19.954681396484375
137672 24.89495277404785
137623 24.933815002441406
137586 17.988204956054688
137586 17.9140567779541
137586 20.94435691833496
137586 18.980026245117188
137586 23.906469345092773
137586 23.935794830322266
137586 19.945144653320312
137570 18.98360252380371
137561 20.913124084472656
137561 23.936033248901367
137550 26.926517486572266
137550 21.938562393188477
137515 25.931596755981445
137515 18.982410430908203
137479 21.90876007080078
137479 25.960683822631836
137479 19.916534423828125
137479 19.945144653320312
137479 17.98534393310547
137444 19.910812377929688
137419 20.943641662597656
137419 25.931596755981445
137372 20.943403244018555
137312 19.94800567626953
137281 18.99099349975586
137266 29.91032600402832
137266 27.92835235595703
137266 17.95339584350586
137266 30.917644500732422
137266 18.920183181762695
137266 44.895172119140625
137259 30.947208404541016
137254 26.927947998046875
137254 27.9238224029541
137225 26.927471160888672
137225 19.9432373046875
137225 21.97265625
137225 20.94435691833496
137203 19.945859909057617
137203 18.952369689941406
137203 19.9129581451416
137182 22.907495498657227
137182 19.945383071899414
137182 21.94070816040039
137182 19.946813583374023
137182 26.92580223083496
137136 25.93374252319336
137136 22.93562889099121
137136 17.98105239868164
137135 23.90766143798828
137135 18.950462341308594
137135 21.938800811767578
137135 18.973827362060547
137131 17.963171005249023
137130 16.95871353149414
137130 17.95029640197754
137120 17.95053482055664
137106 17.951250076293945
137106 17.946958541870117
137084 16.95990562438965
137082 16.956567764282227
137082 17.914533615112305
137082 20.945072174072266
137082 24.93429183959961
137082 19.944429397583008
137082 18.949270248413086
137071 18.948793411254883
137064 18.980741500854492
137064 17.957210540771484
137064 16.95418357849121
137064 23.90003204345703
137064 18.94831657409668
137064 19.947528839111328
137064 25.96139907836914
137064 25.89893341064453
137064 30.91883659362793
137040 25.931358337402344
137040 23.903369903564453
137014 31.22544288635254
137011 19.94633674621582
137011 21.94046974182129
137011 17.950057983398438
137011 18.9821720123291
137011 17.950773239135742
137011 17.952919006347656
137011 17.950773239135742
136989 17.950057983398438
136989 17.952919006347656
136989 20.946264266967773
136988 20.940542221069336
136988 19.915103912353516
136980 19.97852325439453
136980 19.91438865661621
136980 25.942087173461914
136961 32.90104866027832
136932 37.89663314819336
136920 29.918909072875977
136887 22.93848991394043
136883 22.937536239624023
136883 25.92921257019043
136876 22.94015884399414
136876 20.94244956970215
136876 19.97685432434082
136852 19.915103912353516
136837 22.908449172973633
136812 24.930953979492188
136812 18.949031829833984
136782 18.981456756591797
136751 21.936655044555664
136725 18.950939178466797
136709 18.98050308227539
136703 21.90876007080078
136698 18.948793411254883
136698 19.947290420532227
136694 38.895606994628906
136694 24.935007095336914
136694 21.97098731994629
136677 16.955852508544922
136677 29.893159866333008
136677 50.864219665527344
136677 71.80953025817871
136666 19.945383071899414
136657 22.940635681152344
136657 26.926517486572266
136657 25.960683822631836
136657 19.94609832763672
136657 17.958641052246094
136616 17.951250076293945
136600 17.940759658813477
136600 18.954992294311523
136600 17.957448959350586
136599 17.948150634765625
136599 20.941495895385742
136576 17.952442169189453
136576 17.95673370361328
136569 16.96014404296875
136569 17.952442169189453
136564 17.950057983398438
136564 16.951322555541992
136556 45.84145545959473
136548 41.88823699951172
136545 21.9419002532959
136545 24.935483932495117
136508 22.939205169677734
136508 32.91177749633789
136508 30.916452407836914
136499 40.8930778503418
136499 41.88060760498047
136471 35.90226173400879
136459 32.9127311706543
136424 37.89806365966797
136398 36.900997161865234
136382 35.902976989746094
136380 29.920101165771484
136364 26.927709579467773
136285 17.951011657714844
136285 20.945310592651367
136273 26.928186416625977
136271 21.941423416137695
136271 22.934436798095703
136271 19.94633674621582
136271 21.973609924316406
136228 18.954753875732422
136228 24.89781379699707
136228 22.968530654907227
136228 18.953323364257812
136228 18.913745880126953
136173 19.985198974609375
136154 22.93109893798828
136154 19.94776725769043
136154 18.95284652709961
136154 22.904634475708008
136154 24.932146072387695
136154 23.93317222595215
136145 18.98193359375
136130 22.907257080078125
136130 31.939029693603516
136130 18.924236297607422
136069 18.9511775970459
136069 18.97907257080078
136048 19.945383071899414
136032 18.949270248413086
136032 17.987728118896484
136032 21.940231323242188
136006 21.9724178314209
136006 18.94998550415039
135982 17.95482635498047
135954 22.943973541259766
135954 18.979310989379883
135954 19.947052001953125
135939 18.980026245117188
135918 20.981550216674805
135918 16.99209213256836
135918 19.944429397583008
135888 17.915964126586914
135888 17.95196533203125
135863 17.98558235168457
135863 17.954349517822266
135863 17.95220375061035
135860 17.91548728942871
135845 17.985105514526367
135845 21.90995216369629
135818 18.9821720123291
135808 17.955303192138672
135787 17.945528030395508
135763 17.95196533203125
135733 17.951250076293945
135648 17.959117889404297
135636 24.931907653808594
135617 16.95704460144043
135617 16.954660415649414
135601 17.951250076293945
135601 17.953157424926758
135601 16.950368881225586
135601 18.918514251708984
135601 17.95029640197754
135601 25.93064308166504
135601 21.941661834716797
135583 18.949270248413086
135550 19.97685432434082
135542 18.917322158813477
135542 18.949031829833984
135520 21.941423416137695
135520 19.94919776916504
135520 23.928165435791016
135520 24.933338165283203
135520 19.945144653320312
135520 18.951892852783203
135520 19.944190979003906
135520 18.95308494567871
135510 18.914222717285156
135505 18.980979919433594
135437 22.908449172973633
135424 24.9330997467041
135417 21.970272064208984
135417 22.908687591552734
135417 18.982887268066406
135417 17.914772033691406
135417 19.913673400878906
135417 20.94411849975586
135397 21.942615509033203
135397 20.97630500793457
135397 16.95704460144043
135397 16.95084571838379
135363 20.945310592651367
135339 21.90876007080078
135339 24.933338165283203
135339 33.90955924987793
135326 32.911062240600586
135326 20.943641662597656
135326 32.912492752075195
135314 43.882131576538086
135314 39.89577293395996
135289 98.76441955566406
135249 48.840999603271484
135240 36.90004348754883
135208 32.9134464263916
135176 32.911062240600586
135154 35.90226173400879
135113 29.918670654296875
135113 18.949031829833984
135113 20.944833755493164
135093 18.949031829833984
135074 19.946575164794922
135039 17.988204956054688
135023 18.976449966430664
135019 18.917560577392578
135010 23.935317993164062
135001 26.927947998046875
135001 24.932384490966797
134982 19.909143447875977
134949 23.93627166748047
134931 25.930404663085938
134931 21.941184997558594
134915 25.93064308166504
134885 22.93682098388672
134885 17.951488494873047
134885 18.950223922729492
134885 18.979549407958984
134885 19.91581916809082
134885 19.945621490478516
134885 18.979787826538086
134885 17.958641052246094
134885 18.915414810180664
134858 21.972179412841797
134846 19.946813583374023
134844 20.868778228759766
134844 25.92778205871582
134844 26.93009376525879
