2017 1.027822494506836
2017 0.0
1967 0.0
1933 0.0
1924 0.0
1913 0.9973049163818359
1909 0.0
1894 0.0
1894 0.0
1891 0.0
1882 0.9970664978027344
1868 0.0
1868 0.0
1847 0.0
1842 0.9973049163818359
1804 0.0
1804 0.9999275207519531
1804 0.0
1797 0.0
1785 0.0
1785 0.9963512420654297
1785 0.0
1779 0.9970664978027344
1769 0.0
1739 0.0
1709 0.9975433349609375
1709 0.0
1696 0.0
1668 0.0
1668 0.0
1660 0.9970664978027344
1660 0.0
1658 0.0
1658 0.9973049163818359
1636 0.0
1636 0.0
1636 0.0
1591 0.9975433349609375
1568 0.0
1546 0.0
1531 0.9975433349609375
1522 0.0
1522 0.0
1522 0.0
1512 0.9970664978027344
1512 0.0
1495 0.0
1490 0.9973049163818359
1490 0.0
1422 0.0
1422 0.9973049163818359
1409 0.0
1409 0.9973049163818359
1399 0.0
1399 0.0
1399 0.9975433349609375
1384 0.0
1378 0.0
1364 0.9973049163818359
1358 0.0
1357 0.0
1357 0.9973049163818359
1357 0.0
1332 0.0
1332 0.9973049163818359
1332 0.0
1332 0.0
1332 0.9973049163818359
1311 0.0
1311 0.0
1311 0.9977817535400391
1311 0.0
1311 0.0
1311 0.9968280792236328
1311 0.0
1311 0.9975433349609375
1297 0.0
1292 0.0
1284 0.9973049163818359
1284 0.0
1284 0.0
1284 0.9973049163818359
1284 0.0
1284 0.0
1284 0.9973049163818359
1284 0.0
1284 0.0
1281 0.9970664978027344
1281 0.0
1273 0.0
1273 0.9975433349609375
1241 0.0
1241 0.0
1241 0.9975433349609375
1241 0.0
1241 0.0
1241 0.9970664978027344
1241 0.0
1241 0.9977817535400391
1236 0.0
1236 0.0
1236 0.9970664978027344
1236 0.0
1236 0.0
1236 0.9973049163818359
1236 0.0
1228 0.0
1228 0.9970664978027344
1217 0.0
1217 0.0
1217 0.0
1217 0.0
1217 0.9973049163818359
1217 0.0
1216 0.0
1216 0.0
1216 0.9982585906982422
1216 0.0
1216 0.0
1216 0.9965896606445312
1216 0.0
1216 0.9973049163818359
1216 0.0
1195 0.0
1195 0.9973049163818359
1195 0.0
1194 0.0
1194 0.0
1187 0.0
1185 0.9977817535400391
1172 0.0
1167 0.9975433349609375
1167 0.0
1167 0.0
1167 0.9973049163818359
1167 0.0
1167 0.0
1167 0.0
1167 0.995635986328125
1160 0.0
1160 0.0
1160 0.0
1160 0.9968280792236328
1160 0.0
1160 0.0
1160 0.0
1160 0.0
1160 0.9973049163818359
1159 0.0
1158 0.0
1136 0.0
1136 0.0
1136 0.9973049163818359
1136 0.0
1136 0.0
1121 0.0
1121 0.9973049163818359
1115 0.0
1115 0.0
1106 0.0
1106 0.0
1106 0.9973049163818359
1100 0.0
1100 0.0
1100 0.0
1100 0.0
1098 0.0
1098 0.0
1098 0.0
1084 0.0
1070 0.9975433349609375
1070 0.0
1067 0.0
1064 0.0
1064 0.9970664978027344
1064 0.0
1064 0.0
1064 0.0
1064 0.0
1064 0.9970664978027344
1064 0.0
1055 0.0
1055 0.0
1055 0.9980201721191406
1052 0.0
1052 0.0
1052 0.0
1052 0.9968280792236328
1052 0.0
1044 0.0
1044 0.0
1041 0.0
1041 0.9973049163818359
1041 0.0
1041 0.0
1023 0.0
1023 0.9975433349609375
1023 0.0
1023 0.0
1023 0.0
1012 0.0
1012 0.9973049163818359
1000 0.0
1000 0.0
985 0.0
985 0.9973049163818359
985 0.0
985 0.0
985 0.0
985 0.0
985 0.9970664978027344
985 0.0
985 0.0
985 0.0
985 0.9975433349609375
984 0.0
984 0.0
984 0.0
984 0.0
981 0.9973049163818359
981 0.0
981 0.0
981 0.0
976 0.0
976 0.9973049163818359
976 0.0
976 0.0
963 0.0
963 0.9975433349609375
963 0.0
963 0.0
963 0.0
953 0.0
953 0.9970664978027344
953 0.0
953 0.0
948 0.0
948 0.0
948 0.9973049163818359
948 0.0
931 0.0
931 0.0
931 0.9973049163818359
931 0.0
923 0.0
923 0.0
922 0.0
919 0.9975433349609375
907 0.0
907 0.0
907 0.0
907 0.9973049163818359
907 0.0
907 0.0
905 0.0
905 0.0
898 0.9975433349609375
898 0.0
898 0.9973049163818359
892 0.0
892 0.0
892 0.0
892 0.0
892 0.9970664978027344
873 0.0
873 0.0
872 0.0
866 0.9973049163818359
866 0.0
866 0.0
866 0.0
866 0.0
861 0.9977817535400391
861 0.0
861 0.0
861 0.0
836 0.9970664978027344
836 0.0
836 0.0
836 0.0
836 0.0
836 0.9973049163818359
836 0.0
836 0.0
836 0.0
828 0.9970664978027344
812 0.0
812 0.0
812 0.0
812 0.0
806 0.9975433349609375
806 0.0
806 0.0
799 0.0
799 0.0
799 0.0
799 0.0
793 0.0
793 0.9973049163818359
793 0.0
793 0.0
793 0.0
787 0.0
787 0.9973049163818359
787 0.0
787 0.0
785 0.0
785 0.9975433349609375
785 0.0
785 0.0
785 0.0
785 0.0
785 0.9970664978027344
774 0.0
774 0.0
771 0.0
771 0.9973049163818359
753 0.0
753 0.0
753 0.0
753 0.0
753 0.9975433349609375
744 0.0
744 0.0
744 0.0
744 0.0
744 0.9973049163818359
744 0.0
744 0.0
744 0.0
744 0.9980201721191406
743 0.0
743 0.0
743 0.0
743 0.9965896606445312
743 0.0
743 0.0
743 0.0
743 0.0
743 0.9973049163818359
743 0.0
743 0.0
743 0.0
743 0.9973049163818359
743 0.0
742 0.0
739 0.0
739 0.0
739 0.9975433349609375
739 0.0
739 0.0
739 0.0
739 0.9973049163818359
739 0.0
732 0.0
732 0.0
732 0.0
732 0.9973049163818359
732 0.0
732 0.0
732 0.0
732 0.9973049163818359
732 0.0
725 0.0
725 0.0
725 0.0
725 0.9970664978027344
719 0.0
719 0.0
719 0.0
719 0.0
719 0.0
719 0.0
719 0.0
719 0.0
719 0.9973049163818359
719 0.0
719 0.0
719 0.0
719 0.0
719 0.9973049163818359
719 0.0
719 0.0
719 0.0
713 0.0
706 0.9970664978027344
700 0.0
700 0.0
700 0.0
700 0.9975433349609375
700 0.0
694 0.0
694 0.0
694 0.0
694 0.9970664978027344
694 0.0
691 0.0
691 0.0
691 0.0
691 0.9975433349609375
691 0.0
691 0.0
691 0.9975433349609375
690 0.0
690 0.0
690 0.0
686 0.0
686 0.9970664978027344
686 0.0
686 0.0
682 0.0
679 0.9975433349609375
679 0.0
679 0.0
674 0.0
674 0.0
674 0.9970664978027344
674 0.0
674 0.0
674 0.0
674 0.9973049163818359
674 0.0
674 0.0
663 0.0
663 0.0
663 0.9973049163818359
663 0.0
663 0.0
663 0.0
663 0.9975433349609375
663 0.0
663 0.0
663 0.0
663 0.0
663 0.9973049163818359
663 0.0
663 0.0
663 0.0
663 0.9973049163818359
663 0.0
663 0.0
663 0.0
663 0.0
663 0.9973049163818359
663 0.0
663 0.0
663 0.0
663 0.0
659 0.0
659 0.0
659 0.0
659 0.0
659 0.9973049163818359
657 0.0
657 0.0
657 0.0
657 0.0
651 0.0
651 0.0
651 0.0
650 0.0
650 0.9973049163818359
650 0.0
646 0.0
646 0.0
646 0.0
639 0.9975433349609375
639 0.0
634 0.0
634 0.9973049163818359
634 0.0
634 0.0
634 0.0
634 0.0
634 0.9989738464355469
634 0.0
634 0.9973049163818359
634 0.0
634 0.0
634 0.0
631 0.0
631 0.9973049163818359
631 0.0
631 0.0
631 0.0
631 0.0
631 0.9973049163818359
631 0.0
631 0.0
631 0.9973049163818359
631 0.0
631 0.0
631 0.9975433349609375
631 0.0
631 0.0
631 0.9970664978027344
631 0.0
631 0.9973049163818359
631 0.0
631 0.0
631 0.9975433349609375
631 0.0
631 0.0
631 0.0
631 0.9973049163818359
631 0.0
628 0.0
628 0.0
628 0.9977817535400391
628 0.0
628 0.0
625 0.9973049163818359
625 0.0
625 0.9970664978027344
625 0.0
625 0.0
625 0.9973049163818359
625 0.0
625 0.0
625 0.9970664978027344
625 0.0
625 0.0
625 0.9975433349609375
625 0.0
625 0.0
625 0.0
625 0.0
625 0.0
625 0.9975433349609375
622 0.0
622 0.0
622 0.9970664978027344
622 0.0
622 0.0
622 0.0
622 0.0
622 0.9977817535400391
620 0.0
620 0.0
620 0.0
614 1.024484634399414
614 0.0
614 0.0
608 0.0
608 0.9989738464355469
608 0.0
608 0.0
608 0.0
608 0.0
600 0.9980201721191406
600 0.0
600 0.0
600 0.0
600 0.9987354278564453
600 0.0
599 0.0
599 0.0
599 0.0
575 0.9965896606445312
575 0.0
575 0.0
575 0.0
575 0.9984970092773438
575 0.0
575 0.0
575 0.0
575 0.9953975677490234
575 0.0
575 0.0
575 0.0
575 0.9963512420654297
575 0.0
575 0.0
575 0.0
575 0.0
573 0.995635986328125
573 0.0
573 0.0
570 0.0
563 1.0006427764892578
562 0.0
562 0.0
562 0.0
562 0.0
562 0.9968280792236328
559 0.0
559 0.0
559 0.0
559 0.9989738464355469
559 0.0
559 0.0
559 0.9655952453613281
559 0.0
559 1.001596450805664
557 0.0
551 0.0
551 0.9920597076416016
551 0.0
551 0.0
548 0.0
548 0.9987354278564453
548 0.0
548 0.9965896606445312
548 0.0
548 0.0
548 0.9970664978027344
548 0.0
548 0.0
548 0.9973049163818359
545 0.0
543 0.0
543 0.0
543 0.9973049163818359
543 0.0
543 0.0
543 0.9977817535400391
543 0.0
538 0.0
538 0.0
536 0.0
536 0.9970664978027344
536 0.0
536 0.9975433349609375
536 0.0
536 0.0
536 0.9975433349609375
524 0.0
524 0.0
524 0.9968280792236328
524 0.0
524 0.0
524 0.9977817535400391
524 0.0
524 0.0
524 0.9970664978027344
524 0.0
524 0.0
516 0.9973049163818359
516 0.0
516 0.0
516 0.9973049163818359
516 1.0001659393310547
516 0.9951591491699219
516 0.0
516 0.0
516 0.0
510 0.9963512420654297
509 0.0
509 0.0
509 0.9968280792236328
509 0.0
504 0.0
504 1.0001659393310547
504 0.0
504 0.0
504 0.0
504 0.0
504 0.9937286376953125
503 0.0
503 0.0
503 0.0
501 0.9973049163818359
501 0.0
501 0.0
501 0.0
501 0.0
501 0.9973049163818359
501 0.0
501 0.0
501 0.0
501 0.0
501 0.9973049163818359
495 0.0
495 0.0
495 0.0
495 0.9980201721191406
495 0.0
495 0.0
495 0.0
490 1.0285377502441406
490 0.0
490 0.0
490 0.0
490 0.9996891021728516
485 0.0
485 0.0
485 0.0
485 0.0
485 0.9946823120117188
482 0.0
482 0.0
482 0.0
482 0.0
482 0.9970664978027344
482 0.0
480 0.0
480 0.0
480 0.9996891021728516
480 0.0
480 0.0
480 0.0
480 0.995635986328125
480 0.0
480 0.0
480 0.0
480 0.9663105010986328
480 0.0
480 0.9980201721191406
480 0.0
480 0.9977817535400391
480 0.0
480 0.0
480 0.9970664978027344
480 0.0
480 0.0
480 0.0
480 0.9970664978027344
480 0.0
480 0.0
480 0.9975433349609375
480 0.0
478 0.0
478 0.9970664978027344
478 0.0
478 0.0
478 0.9977817535400391
478 0.0
478 0.0
478 0.9970664978027344
478 0.0
478 0.0
473 0.0
473 0.9970664978027344
473 0.0
473 0.0
473 0.9973049163818359
473 0.0
473 0.9999275207519531
460 0.0
460 0.9958744049072266
460 0.0
460 0.0
460 0.9982585906982422
460 0.0
460 0.0
460 0.9953975677490234
460 0.0
460 0.9973049163818359
460 0.0
460 0.0
460 0.9977817535400391
460 0.0
460 0.9963512420654297
460 0.0
460 0.9977817535400391
460 0.0
460 0.0
460 0.9977817535400391
460 0.0
460 0.0
460 0.0
460 0.9970664978027344
460 0.0
460 0.0
460 0.9973049163818359
460 0.0
460 0.0
460 0.9970664978027344
460 0.0
460 0.0
460 0.9980201721191406
460 0.0
460 0.0
460 0.9973049163818359
460 0.0
460 0.0
460 0.9970664978027344
460 0.0
460 0.0
460 0.9973049163818359
460 0.0
460 0.0
460 0.9970664978027344
460 0.0
460 0.0
460 0.9973049163818359
460 0.0
460 0.9973049163818359
460 0.0
460 0.0
460 0.9975433349609375
460 0.0
460 0.0
460 0.9973049163818359
460 0.0
460 0.0
460 0.0
459 0.9977817535400391
459 0.0
459 0.0
459 0.9970664978027344
459 0.0
458 0.9973049163818359
458 0.0
458 0.0
458 1.0249614715576172
458 0.0
458 0.0
458 0.0
458 0.99945068359375
458 0.0
458 0.0
458 0.0
458 0.0
458 0.9973049163818359
457 0.0
457 0.0
457 0.0
457 0.99945068359375
457 0.0
457 0.0
454 0.0
454 0.9641647338867188
454 0.0
454 0.0
454 0.0
454 1.0309219360351562
454 0.0
454 0.0
454 0.0
454 0.0
454 0.9951591491699219
454 0.0
454 0.0
454 0.0
454 0.0
454 0.9968280792236328
454 0.0
454 0.0
454 0.0
447 0.9944438934326172
443 0.0
443 0.0
436 0.0
436 0.0
436 1.0008811950683594
436 0.0
436 0.0
436 0.0
436 0.0
436 0.9977817535400391
436 0.0
436 0.0
435 0.0
435 0.9987354278564453
435 0.0
435 0.0
435 0.0
435 0.9646415710449219
435 0.0
435 0.0
435 0.0
435 1.0325908660888672
435 0.0
435 0.0
435 0.0
435 0.0
435 0.9922981262207031
435 0.0
435 0.0
435 0.0
435 0.9658336639404297
435 0.0
435 0.9999275207519531
435 0.0
431 1.032114028930664
431 0.0
431 0.0
429 0.0
427 0.0
427 0.9915828704833984
427 0.0
427 0.0
427 0.0
427 1.0013580322265625
427 0.0
427 0.0
427 0.0
427 0.0
427 0.9634494781494141
427 0.0
427 0.0
427 1.0297298431396484
427 0.0
427 0.0
427 0.0
427 0.0
427 0.9949207305908203
427 0.0
427 0.0
427 0.0
427 0.9973049163818359
427 0.0
427 0.0
427 0.0
427 0.0
427 0.9946823120117188
427 0.0
427 0.0
427 0.0
427 0.0
427 0.9999275207519531
427 0.0
427 0.0
427 0.0
427 0.9667873382568359
427 0.0
427 0.0
427 0.0
427 1.0304450988769531
427 0.0
427 0.0
427 0.0
427 0.0
427 0.0
427 0.0
427 0.0
427 0.0
427 0.9996891021728516
427 0.0
427 0.0
427 0.0
427 0.0
427 0.9984970092773438
427 0.0
427 0.0
427 0.0
427 0.9977817535400391
427 0.0
427 0.0
427 0.0
427 0.9629726409912109
427 0.0
427 1.0001659393310547
423 0.0
423 0.0
423 0.9942054748535156
423 0.0
423 0.0
423 0.9989738464355469
421 0.0
421 0.0
421 0.0
421 0.9953975677490234
421 0.0
421 0.0
421 0.0
421 0.9965896606445312
417 0.0
417 0.0
417 0.0
417 0.0
417 0.9975433349609375
417 0.0
417 0.0
417 0.0
417 0.0
417 0.0
417 0.0
417 0.0
417 0.0
417 0.9975433349609375
417 0.0
417 0.0
417 0.0
417 0.9968280792236328
417 0.0
417 0.0
417 0.0
417 0.0
417 0.9980201721191406
417 0.0
410 0.9970664978027344
410 0.0
405 0.0
405 0.0
405 0.0
405 0.9970664978027344
405 0.0
405 0.0
405 0.0
405 0.9975433349609375
405 0.0
405 0.0
405 0.0
405 0.9973049163818359
405 0.0
405 0.0
405 0.0
405 0.0
405 0.9973049163818359
