458 0.0
440 0.0
440 0.0
413 0.0
413 0.8475780487060547
395 0.0
373 0.0
354 0.0
354 0.0
352 0.0
350 0.0
342 0.0
342 0.0
342 0.0
336 0.0
315 0.0
315 0.0
315 0.0
315 0.0
307 0.0
303 1.0347366333007812
303 0.0
303 0.0
280 0.0
280 0.0
261 0.0
261 0.0
261 0.0
260 0.0
260 0.0
260 0.0
260 0.0
259 0.0
259 0.0
259 0.0
259 0.0
259 0.0
250 0.0
250 0.0
250 0.0
248 0.0
239 0.0
239 0.0
239 0.0
239 0.0
239 0.0
239 0.0
239 0.0
239 0.0
239 0.0
239 0.9973049163818359
237 0.0
237 0.0
237 0.0
237 0.0
237 0.0
229 0.0
206 0.0
206 0.0
206 0.0
206 0.0
206 0.0
206 0.0
206 0.0
197 0.0
197 0.0
196 0.0
196 0.9977817535400391
196 0.0
196 0.0
196 0.0
196 0.0
196 0.0
196 0.0
196 0.0
196 0.0
188 0.0
188 0.0
188 0.0
188 0.0
188 0.0
188 0.0
188 0.0
188 0.9968280792236328
183 0.0
183 0.0
183 0.0
183 0.0
162 0.0
162 0.0
160 0.0
160 0.0
160 0.0
160 0.0
160 0.0
160 0.0
160 0.0
160 0.0
156 0.0
156 0.9992122650146484
156 0.0
156 0.0
156 0.0
156 0.0
156 0.0
156 0.0
156 0.0
156 0.0
156 0.0
156 0.0
156 0.0
156 0.0
156 0.0
156 0.0
152 0.0
152 0.9963512420654297
152 0.0
152 0.0
152 0.0
152 0.0
152 0.0
152 0.0
152 0.0
152 0.0
149 0.0
149 0.0
149 0.0
149 0.0
147 0.0
147 0.0
147 0.0
147 0.9961128234863281
147 0.0
147 0.0
147 0.0
147 0.0
147 0.0
140 0.0
140 0.0
140 0.0
127 0.0
127 0.0
127 0.0
127 0.0
127 0.0
127 0.0
127 0.0
125 0.9987354278564453
125 0.0
123 0.0
123 0.0
123 0.0
123 0.0
123 0.0
116 0.0
116 0.0
114 0.0
114 0.0
114 0.0
114 0.0
114 0.0
114 0.0
114 0.0
114 0.9965896606445312
114 0.0
114 0.0
114 0.0
114 0.0
114 0.0
114 0.0
114 0.0
114 0.0
114 0.0
114 0.0
114 0.0
114 0.0
114 0.0
114 0.0
114 0.0
114 1.0025501251220703
114 0.0
114 0.0
114 0.0
114 0.0
114 0.0
114 0.0
107 0.0
107 0.0
107 0.0
107 0.0
107 0.0
107 0.0
100 0.0
100 0.0
100 0.0
100 0.995635986328125
100 0.0
100 0.0
97 0.0
97 0.0
97 0.0
97 0.0
97 0.0
97 0.0
97 0.0
96 0.0
96 0.0
96 0.0
96 0.0
96 0.0
96 0.0
96 0.9975433349609375
96 0.0
96 0.0
96 0.0
96 0.0
95 0.0
95 0.0
95 0.0
95 0.0
95 0.0
95 0.0
95 0.0
95 0.0
95 0.0
95 0.0
91 0.0
91 0.0
87 0.9949207305908203
87 0.0
87 0.0
87 0.0
87 0.0
87 0.0
87 0.0
87 0.0
87 0.0
87 0.0
87 0.0
87 0.0
87 0.0
87 0.0
86 0.0
86 0.0
86 0.0
82 0.0
80 0.0
80 0.0
80 0.0
80 0.0
80 0.0
80 0.0
80 0.0
80 0.0
80 0.0
80 0.0
80 0.0
80 0.0
80 0.0
80 0.0
80 0.0
80 0.9987354278564453
76 0.0
76 0.0
76 0.0
76 0.0
76 0.0
76 0.0
76 0.0
76 0.9975433349609375
76 0.0
76 0.0
76 0.0
76 0.0
76 0.0
76 0.0
75 0.0
75 0.0
75 0.0
75 0.0
75 0.0
75 0.0
75 0.0
75 0.0
75 0.0
75 0.0
75 0.0
75 0.0
75 0.0
75 0.0
75 0.0
75 0.0
75 0.0
72 0.0
72 0.0
72 0.0
72 0.0
72 0.0
72 0.0
72 0.0
72 0.0
72 0.9646415710449219
72 0.0
72 0.0
72 0.0
72 0.0
72 0.0
72 0.0
72 0.0
72 0.0
72 0.0
72 0.0
72 0.0
72 0.0
70 0.0
70 0.0
70 0.0
70 0.0
70 0.0
70 0.0
70 0.0
70 0.0
70 0.0
70 0.0
70 0.0
70 0.0
70 0.0
70 0.0
70 0.9973049163818359
70 0.0
70 0.0
70 0.0
70 0.0
70 0.0
70 0.0
70 0.0
70 0.0
70 0.0
70 0.0
70 0.0
70 0.0
70 0.9622573852539062
70 0.0
70 0.0
70 0.0
70 0.0
70 0.0
70 0.0
70 0.0
70 0.0
70 0.9965896606445312
70 0.0
70 0.0
70 0.0
70 0.0
70 0.0
70 0.0
70 0.0
70 0.0
70 0.0
68 0.0
68 0.0
68 0.0
68 0.0
68 0.0
68 0.0
68 0.0
68 1.0290145874023438
68 0.0
68 0.0
68 0.0
68 0.0
68 0.0
68 0.0
68 0.0
68 0.0
68 0.0
68 0.0
68 0.0
68 0.0
68 0.0
68 0.0
68 0.0
68 0.9980201721191406
68 0.0
68 0.0
68 0.0
68 0.0
68 0.0
68 0.0
68 0.0
68 0.0
68 0.0
68 0.0
68 0.0
68 0.0
68 0.0
68 0.0
68 0.0
68 0.0
68 0.9989738464355469
68 0.0
68 0.0
68 0.0
68 0.0
68 0.0
68 0.0
68 0.0
68 0.0
68 0.0
68 0.0
68 0.0
68 0.0
68 0.0
68 0.0
68 0.0
68 0.0
68 0.9942054748535156
68 0.0
68 0.0
68 0.0
68 0.0
68 0.0
68 0.0
68 0.0
68 0.0
68 0.0
68 0.0
68 0.0
68 0.0
68 0.0
68 0.0
68 0.0
68 0.9987354278564453
68 0.0
68 0.0
68 0.0
68 0.0
68 0.0
68 0.0
68 0.0
68 0.0
68 0.0
68 0.0
68 0.0
68 0.0
68 0.0
68 0.0
68 0.0
68 0.9963512420654297
68 0.0
68 0.0
68 0.0
68 0.0
68 0.0
68 0.0
68 0.0
68 0.0
66 0.0
66 0.0
66 0.0
66 0.0
66 0.0
65 0.0
65 0.0
65 0.9999275207519531
65 0.0
65 0.0
65 0.0
65 0.0
65 0.0
65 0.0
65 0.0
65 0.0
65 0.0
65 0.0
65 0.0
65 0.0
65 0.0
65 0.0
65 0.0
65 0.9942054748535156
65 0.0
65 0.0
65 0.0
65 0.0
65 0.0
65 0.0
65 0.0
65 0.0
65 0.0
65 0.0
65 0.0
65 0.0
65 0.0
65 0.0
65 0.0
65 0.0
65 0.9977817535400391
65 0.0
65 0.0
65 0.0
65 0.0
65 0.0
65 0.0
65 0.0
64 0.0
64 0.0
64 0.0
64 0.0
64 0.0
64 0.0
64 0.0
64 0.0
64 0.9984970092773438
64 0.0
64 0.0
64 0.0
64 0.0
64 0.0
64 0.0
64 0.0
64 0.0
64 0.0
63 0.0
63 0.0
63 0.0
62 0.0
62 0.0
62 0.0
62 1.0013580322265625
62 0.0
62 0.0
62 0.0
62 0.0
62 0.0
62 0.0
62 0.0
62 0.0
62 0.0
61 0.0
61 0.0
61 0.0
61 0.0
61 0.0
61 0.0
61 0.99945068359375
61 0.0
61 0.0
61 0.0
61 0.0
61 0.0
61 0.0
61 0.0
61 0.0
61 0.0
61 0.0
61 0.0
61 0.0
61 0.0
61 0.9603500366210938
61 0.0
61 0.0
61 0.0
61 0.0
61 0.0
61 0.0
61 0.0
61 0.0
61 0.0
61 0.0
61 0.0
61 0.0
61 0.0
61 0.0
61 0.0
61 0.0
61 0.0
61 0.0
61 0.0
61 0.0
61 0.0
61 0.0
61 0.0
60 0.0
60 0.0
60 0.0
60 0.9944438934326172
60 0.0
60 0.0
60 0.0
60 0.0
60 0.0
60 0.0
60 0.0
60 0.0
60 0.0
60 0.0
60 0.0
60 0.0
60 0.0
60 0.0
60 0.0
60 1.0006427764892578
60 0.0
60 0.0
60 0.0
60 0.0
60 0.0
60 0.0
60 0.0
60 0.0
60 0.0
60 0.0
60 0.0
59 0.0
59 0.0
59 0.0
59 0.0
59 0.9973049163818359
58 0.0
58 0.0
58 0.0
58 0.0
58 0.0
58 0.0
58 0.0
58 0.0
58 0.0
58 0.0
58 0.0
58 0.0
58 0.0
58 0.0
58 0.0
58 0.9992122650146484
58 0.0
58 0.0
58 0.0
58 0.0
57 0.0
57 0.0
57 0.0
57 0.0
57 0.0
57 0.0
57 0.0
57 0.0
57 0.0
57 0.0
57 0.0
57 0.0
57 0.9951591491699219
57 0.0
57 0.0
57 0.0
57 0.0
57 0.0
57 0.0
57 0.0
57 0.0
57 0.0
57 0.0
57 0.0
57 0.0
57 0.0
57 0.0
57 0.0
57 0.0
57 0.0
57 0.0
57 0.0
57 0.0
55 0.0
55 0.0
55 0.0
55 0.0
55 0.0
54 0.0
54 0.0
54 0.0
54 0.0
54 0.0
54 0.0
54 0.9958744049072266
54 0.0
54 0.0
54 0.0
54 0.0
54 0.0
54 0.0
54 0.0
54 0.0
54 0.0
54 0.0
54 0.0
54 0.0
54 0.0
54 0.0
54 0.0
54 0.9953975677490234
54 0.0
54 0.0
54 0.0
54 0.0
54 0.0
54 0.0
54 0.0
54 0.0
54 0.0
54 0.0
54 0.0
54 0.0
54 0.0
53 0.0
53 0.0
53 0.9946823120117188
53 0.0
53 0.0
53 0.0
53 0.0
53 0.0
53 0.0
53 0.0
53 0.0
53 0.0
53 0.0
53 0.0
53 0.0
53 0.0
53 0.0
53 0.0
53 0.0
53 0.9996891021728516
53 0.0
53 0.0
53 0.0
53 0.0
53 0.0
53 0.0
53 0.0
53 0.0
53 0.0
53 0.0
53 0.0
53 0.0
53 0.0
51 0.0
51 0.0
51 0.9973049163818359
51 0.0
51 0.0
51 0.0
51 0.0
51 0.0
51 0.0
51 0.0
51 0.0
51 0.0
51 0.0
51 0.0
51 0.0
51 0.0
51 0.0
51 0.0
51 0.9999275207519531
51 0.0
51 0.0
51 0.0
51 0.0
51 0.0
51 0.0
51 0.0
51 0.0
51 0.0
51 0.0
51 0.0
51 0.0
51 0.0
51 0.0
51 0.0
51 0.9949207305908203
51 0.0
51 0.0
51 0.0
51 0.0
51 0.0
51 0.0
51 0.0
51 0.0
51 0.0
51 0.0
51 0.0
51 0.0
51 0.0
51 0.0
51 0.0
51 0.9996891021728516
51 0.0
51 0.0
51 0.0
51 0.0
51 0.0
51 0.0
51 0.0
51 0.0
51 0.0
51 0.0
51 0.0
51 0.0
51 0.0
51 0.0
51 0.0
51 0.0
51 0.9949207305908203
51 0.0
51 0.0
51 0.0
51 0.0
51 0.0
51 0.0
51 0.0
51 0.0
51 0.0
51 0.0
51 0.0
51 0.0
51 0.0
51 0.9982585906982422
51 0.0
51 0.0
51 0.0
51 0.0
51 0.0
51 0.0
51 0.0
51 0.0
51 0.0
51 0.0
51 0.0
51 0.0
51 0.0
51 0.0
51 0.0
51 0.0
51 0.0
50 0.0
50 0.0
50 0.0
49 0.0
49 0.0
49 0.0
49 0.0
49 0.0
49 0.0
49 0.0
49 0.0
49 0.0
49 0.0
49 0.0
49 0.0
49 1.0008811950683594
49 0.0
49 0.0
49 0.0
49 0.0
49 0.0
48 0.0
48 0.0
48 0.0
48 0.0
48 0.0
48 0.0
47 0.0
47 0.0
47 0.0
47 0.0
47 0.0
47 0.0
47 0.0
47 0.0
47 0.0
47 0.0
47 0.0
47 0.0
47 0.0
47 0.0
47 0.0
47 0.0
47 0.0
47 0.0
47 0.0
47 0.0
47 0.0
47 0.9984970092773438
47 0.0
47 0.0
47 0.0
47 0.0
47 0.0
47 0.0
47 0.0
47 0.0
47 0.0
47 0.0
47 0.0
47 0.0
46 0.0
46 0.0
46 0.0
46 0.0
46 0.0
46 0.0
46 0.0
46 0.0
46 0.0
46 0.0
46 0.0
46 0.0
46 0.0
46 0.0
46 0.0
46 0.0
46 0.0
46 0.0
46 0.9970664978027344
46 0.0
46 0.0
46 0.0
46 0.0
46 0.0
46 0.0
46 0.0
46 0.0
46 0.0
46 0.0
46 0.0
46 0.0
46 0.0
46 0.0
46 0.0
46 0.0
46 0.0
46 0.0
46 0.0
44 0.0
42 0.0
39 0.0
39 0.0
39 0.0
39 0.0
39 0.0
39 0.0
39 0.0
39 0.0
39 0.0
37 0.0
37 0.0
37 0.9973049163818359
37 0.0
37 0.0
37 0.0
37 0.0
37 0.0
37 0.0
37 0.0
37 0.0
37 0.0
37 0.0
37 0.0
37 0.0
37 0.0
37 0.0
37 0.9951591491699219
37 0.0
37 0.0
37 0.0
37 0.0
37 0.0
37 0.0
37 0.0
37 0.0
37 0.0
37 0.0
37 0.0
37 0.0
37 0.0
37 0.0
37 0.0
37 1.0001659393310547
37 0.0
37 0.0
37 0.0
37 0.0
37 0.0
37 0.0
37 0.0
37 0.0
37 0.0
37 0.0
37 0.0
