8843 2.991199493408203
8843 0.9677410125732422
8816 0.9973049163818359
8816 0.9970664978027344
8809 0.9970664978027344
8805 0.9973049163818359
8738 0.9975433349609375
8716 2.024412155151367
8716 0.0
8706 0.9973049163818359
8706 1.9648075103759766
8685 1.0275840759277344
8685 1.001119613647461
8640 0.9968280792236328
8625 0.9782314300537109
8611 1.0128021240234375
8611 0.9975433349609375
8603 0.9944438934326172
8603 0.9999275207519531
8598 0.9973049163818359
8598 1.0018348693847656
8598 0.9930133819580078
8598 0.9665489196777344
8537 1.027822494506836
8537 0.9977817535400391
8497 0.0
8490 1.0020732879638672
8490 0.99945068359375
8442 1.0259151458740234
8442 0.9982585906982422
8420 0.9999275207519531
8420 0.9944438934326172
8420 0.9975433349609375
8417 0.9949207305908203
8412 0.9992122650146484
8406 0.9679794311523438
8391 0.9953975677490234
8373 0.9970664978027344
8373 0.9973049163818359
8365 0.9975433349609375
8328 0.9973049163818359
8323 0.9970664978027344
8267 0.9977817535400391
8253 1.9953250885009766
8253 0.99945068359375
8253 0.9942054748535156
8253 0.9975433349609375
8233 0.9975433349609375
8220 0.0
8220 0.9970664978027344
8220 0.99945068359375
8220 1.9946098327636719
8219 0.9973049163818359
8209 0.9973049163818359
8160 0.0
8160 0.9970664978027344
8160 0.9975433349609375
8159 0.9975433349609375
8159 2.992868423461914
8159 0.9958744049072266
8159 0.9977817535400391
8159 0.9968280792236328
8159 0.9973049163818359
8130 0.9975433349609375
8115 0.9968280792236328
8114 1.9955635070800781
8108 3.0226707458496094
8108 2.9904842376708984
8108 2.961874008178711
8108 0.9963512420654297
8086 0.9970664978027344
8086 0.9973049163818359
8086 0.9975433349609375
8086 0.9984970092773438
8085 1.027822494506836
8085 0.9663105010986328
8073 1.0008811950683594
8073 1.9907951354980469
8073 0.9968280792236328
8055 0.0
8038 0.9973049163818359
8038 1.0004043579101562
8018 0.9944438934326172
8018 1.9955635070800781
8018 0.9973049163818359
7995 0.9963512420654297
7957 0.9973049163818359
7957 0.9975433349609375
7957 0.9975433349609375
7911 0.9973049163818359
7905 0.9970664978027344
7904 0.9973049163818359
7904 0.9973049163818359
7903 0.9973049163818359
7903 0.9970664978027344
7903 0.9975433349609375
7903 0.9977817535400391
7895 0.9968280792236328
7895 0.9975433349609375
7895 0.0
7895 1.9962787628173828
7875 1.993417739868164
7867 0.9968280792236328
7867 0.9980201721191406
7867 0.9977817535400391
7815 0.9965896606445312
7811 0.9968280792236328
7770 0.9980201721191406
7770 0.9968280792236328
7770 0.9984970092773438
7761 0.9973049163818359
7753 2.9914379119873047
7745 3.990650177001953
7745 3.988027572631836
7700 0.9977817535400391
7672 1.9946098327636719
7672 1.996755599975586
7672 0.995635986328125
7672 2.992391586303711
7672 1.9941329956054688
7672 1.992940902709961
7672 1.9948482513427734
7672 1.9955635070800781
7672 0.9961128234863281
7672 1.9953250885009766
7672 0.9963512420654297
7657 0.9970664978027344
7651 0.9973049163818359
7651 0.9975433349609375
7644 0.9973049163818359
7628 0.9970664978027344
7605 0.9987354278564453
7605 0.9973049163818359
7596 0.9961128234863281
7591 0.9973049163818359
7584 0.9973049163818359
7584 0.9973049163818359
7573 0.9973049163818359
7573 0.9975433349609375
7520 0.9973049163818359
7520 0.9973049163818359
7520 0.9970664978027344
7520 0.9975433349609375
7520 0.9973049163818359
7515 0.9973049163818359
7515 0.9975433349609375
7515 0.9970664978027344
7515 0.9973049163818359
7452 0.9961128234863281
7452 0.9963512420654297
7416 0.9973049163818359
7396 0.9975433349609375
7396 0.9970664978027344
7396 0.0
7396 0.0
7347 0.9973049163818359
7342 0.9973049163818359
7333 0.9975433349609375
7329 0.9970664978027344
7326 0.9973049163818359
7320 0.9975433349609375
7267 0.9973049163818359
7267 0.9970664978027344
7263 0.9977817535400391
7263 2.0270347595214844
7263 0.9965896606445312
7253 0.9961128234863281
7253 0.9982585906982422
7252 0.99945068359375
7252 0.9951591491699219
7252 0.9980201721191406
7251 0.0
7251 0.0
7251 0.9992122650146484
7251 0.9968280792236328
7251 1.9688606262207031
7251 1.9910335540771484
7250 0.9980201721191406
7250 1.9931793212890625
7245 1.027822494506836
7242 1.001596450805664
7242 0.9930133819580078
7227 1.0001659393310547
7227 0.9951591491699219
7218 0.9975433349609375
7218 0.9946823120117188
7218 0.9987354278564453
7218 0.9975433349609375
7217 0.9965896606445312
7183 0.9980201721191406
7183 0.9999275207519531
7183 0.9953975677490234
7183 0.9968280792236328
7170 0.9949207305908203
7170 1.0006427764892578
7161 0.9667873382568359
7136 1.0318756103515625
7119 0.9927749633789062
7104 0.99945068359375
7103 0.9953975677490234
7103 0.9970664978027344
7103 0.9946823120117188
7098 1.0001659393310547
7087 0.9973049163818359
7087 1.001119613647461
7067 0.9939670562744141
7067 1.0001659393310547
7041 0.9644031524658203
7041 1.9938945770263672
7030 0.9975433349609375
7030 0.0
7030 0.9977817535400391
7030 1.9941329956054688
7030 0.9977817535400391
7030 0.9973049163818359
7030 0.9975433349609375
6993 0.9973049163818359
6993 0.9973049163818359
6993 1.9946098327636719
6993 0.9977817535400391
6987 0.9970664978027344
6959 0.9975433349609375
6959 0.9973049163818359
6959 1.993417739868164
6929 1.0263919830322266
6926 1.003265380859375
6896 0.9946823120117188
6877 0.9987354278564453
6843 0.9925365447998047
6843 1.0001659393310547
6843 0.9968280792236328
6843 1.001119613647461
6843 0.9629726409912109
6820 1.0306835174560547
6820 0.9944438934326172
6820 0.9982585906982422
6814 0.9937286376953125
6811 0.9996891021728516
6811 0.0
6811 0.9987354278564453
6811 1.9631385803222656
6799 1.0311603546142578
6769 0.9632110595703125
6769 1.0225772857666016
6769 0.9999275207519531
6724 0.9951591491699219
6724 0.9973049163818359
6707 0.9963512420654297
6687 1.0020732879638672
6644 0.9934902191162109
6640 0.0
6640 1.0018348693847656
6633 0.9977817535400391
6629 1.007080078125
6620 0.9915828704833984
6615 0.9973049163818359
6615 0.9989738464355469
6592 1.9595623016357422
6591 0.9958744049072266
6591 0.9968280792236328
6582 0.9975433349609375
6573 0.9973049163818359
6573 0.9970664978027344
6573 0.9973049163818359
6564 0.99945068359375
6558 1.9943714141845703
6558 0.9970664978027344
6532 1.9946098327636719
6509 0.9973049163818359
6509 1.995086669921875
6509 0.9958744049072266
6509 0.9992122650146484
6509 1.0263919830322266
6503 0.9951591491699219
6486 0.99945068359375
6486 0.9984970092773438
6424 0.995635986328125
6401 0.9980201721191406
6401 0.9999275207519531
6376 0.9946823120117188
6376 0.9975433349609375
6376 0.9944438934326172
6376 1.0051727294921875
6376 1.0013580322265625
6376 0.0
6376 1.9559860229492188
6361 1.0292530059814453
6349 0.9648799896240234
6349 0.9987354278564453
6349 1.993417739868164
6349 0.9961128234863281
6299 0.9989738464355469
6299 1.9941329956054688
6299 0.9975433349609375
6291 0.9970664978027344
6291 0.9973049163818359
6279 0.9980201721191406
6279 0.9973049163818359
6248 0.9970664978027344
6248 0.9975433349609375
6248 0.9970664978027344
6248 1.9953250885009766
6248 0.9958744049072266
6220 0.9965896606445312
6220 0.9975433349609375
6220 0.9970664978027344
6219 0.9973049163818359
6199 0.9973049163818359
6199 0.9973049163818359
6199 0.9973049163818359
6199 0.9975433349609375
6196 0.9973049163818359
6191 0.9977817535400391
6191 0.9970664978027344
6174 0.9970664978027344
6174 0.9973049163818359
6168 0.9973049163818359
6158 1.9981861114501953
6122 1.0256767272949219
6122 0.9660720825195312
6122 0.9968280792236328
6114 0.9973049163818359
6079 0.9973049163818359
6046 0.9973049163818359
6026 0.9975433349609375
6016 0.9970664978027344
6014 0.9973049163818359
6014 0.9980201721191406
6014 0.9970664978027344
6012 0.9968280792236328
6010 0.9975433349609375
6010 0.9973049163818359
6009 0.9973049163818359
6008 0.9980201721191406
6008 0.0
6008 0.9961128234863281
6008 1.0013580322265625
6008 0.9932518005371094
6006 0.9999275207519531
6006 1.9614696502685547
6006 1.0256767272949219
6006 0.9944438934326172
6006 0.9973049163818359
6006 1.001596450805664
6006 0.0
6006 0.9987354278564453
6005 0.9989738464355469
5999 0.9946823120117188
5999 0.9677410125732422
5999 1.995086669921875
5999 1.0347366333007812
5989 0.9937286376953125
5978 0.9930133819580078
5978 0.9996891021728516
5977 0.995635986328125
5973 0.9965896606445312
5973 0.9949207305908203
5972 0.9999275207519531
5972 0.9970664978027344
5964 1.001596450805664
5964 0.9977817535400391
5961 0.9996891021728516
5961 1.0018348693847656
5961 0.0
5949 0.0
5921 0.9939670562744141
5921 1.9605159759521484
5921 0.9970664978027344
5891 0.9973049163818359
5891 0.9975433349609375
5891 0.9970664978027344
5891 1.9948482513427734
5856 0.9975433349609375
5856 0.9973049163818359
5856 0.9982585906982422
5856 0.9958744049072266
5856 1.9946098327636719
5856 0.9975433349609375
5856 0.9973049163818359
5856 0.9973049163818359
5856 0.9975433349609375
5856 1.031637191772461
5854 0.9970664978027344
5854 0.995635986328125
5854 0.9989738464355469
5839 0.9987354278564453
5821 1.9600391387939453
5808 0.9963512420654297
5782 1.031637191772461
5782 0.9639263153076172
5780 1.0290145874023438
5780 0.9944438934326172
5750 0.9677410125732422
5750 0.9970664978027344
5750 0.9973049163818359
5750 1.9938945770263672
5736 0.9973049163818359
5727 0.9968280792236328
5727 0.9973049163818359
5727 0.9975433349609375
5727 0.9973049163818359
5727 0.9970664978027344
5712 0.9975433349609375
5712 0.9973049163818359
5712 0.9973049163818359
5712 0.9973049163818359
5712 0.9973049163818359
5712 0.9973049163818359
5694 0.0
5673 0.9973049163818359
5673 0.9975433349609375
5668 0.0
5657 2.991199493408203
5657 1.0290145874023438
5637 1.9636154174804688
5631 0.9977817535400391
5631 1.027822494506836
5629 1.0013580322265625
5624 0.9970664978027344
5624 0.9961128234863281
5624 0.9946823120117188
5624 0.9975433349609375
5624 0.9942054748535156
5600 0.9999275207519531
5590 1.0013580322265625
5590 1.0023117065429688
5590 0.9598731994628906
5590 0.9980201721191406
5562 1.9941329956054688
5562 0.9963512420654297
5562 0.9970664978027344
5562 0.9973049163818359
5562 1.9958019256591797
5551 0.9975433349609375
5551 0.9975433349609375
5548 1.9943714141845703
5548 0.9973049163818359
5548 1.9946098327636719
5537 0.9973049163818359
5537 1.9948482513427734
5537 0.9975433349609375
5537 1.9946098327636719
5537 0.9975433349609375
5537 0.9970664978027344
5537 1.9946098327636719
5537 0.9973049163818359
5537 1.9948482513427734
5532 0.9973049163818359
5532 1.9948482513427734
5524 0.9970664978027344
5524 1.9946098327636719
5524 0.9973049163818359
5524 0.9973049163818359
5515 0.9973049163818359
5509 0.9975433349609375
5509 0.9970664978027344
5509 1.9948482513427734
5509 0.9973049163818359
5498 1.9943714141845703
5498 0.9977817535400391
5497 1.9943714141845703
5476 0.9973049163818359
5476 1.995086669921875
5474 0.9973049163818359
5451 1.9943714141845703
5451 0.9973049163818359
5451 1.9946098327636719
5438 0.9975433349609375
5438 1.9946098327636719
5427 0.9973049163818359
5427 0.9975433349609375
5427 0.9970664978027344
5427 0.9975433349609375
5427 0.9973049163818359
5421 0.9973049163818359
5421 0.9975433349609375
5421 1.9943714141845703
5421 0.0
5413 0.9973049163818359
5413 0.9973049163818359
5413 0.9975433349609375
5406 0.0
5406 0.9975433349609375
5406 0.9975433349609375
5406 1.9941329956054688
5379 1.9948482513427734
5379 0.9973049163818359
5379 0.9973049163818359
5363 1.9946098327636719
5363 0.9973049163818359
5302 0.9977817535400391
5302 1.9941329956054688
5302 0.9977817535400391
5302 1.9943714141845703
5302 0.9973049163818359
5302 0.9977817535400391
5302 1.9941329956054688
5302 1.9946098327636719
5302 0.9975433349609375
5302 0.9973049163818359
5302 1.9946098327636719
5302 0.9975433349609375
5284 0.9975433349609375
5284 0.9970664978027344
5283 1.9943714141845703
5283 0.9977817535400391
5283 0.9970664978027344
5271 2.028942108154297
5271 0.9970664978027344
5271 0.9975433349609375
5271 0.9984970092773438
5271 0.0
5267 0.0
5267 0.9946823120117188
5195 1.0073184967041016
5195 0.9877681732177734
5195 1.9946098327636719
5195 0.9968280792236328
5195 1.0013580322265625
5195 0.9992122650146484
5195 0.9918212890625
5195 0.0
5195 0.0
5195 0.9977817535400391
5195 0.9973049163818359
5195 0.9970664978027344
5195 0.9980201721191406
5195 0.9963512420654297
5195 1.0001659393310547
5195 0.9984970092773438
5186 0.9939670562744141
5186 1.0035037994384766
5186 0.9906291961669922
5186 0.9624958038330078
5186 1.0325908660888672
5186 0.9989738464355469
5186 0.9980201721191406
5186 0.9951591491699219
5179 0.9973049163818359
5179 1.0020732879638672
5174 0.9934902191162109
5155 0.9992122650146484
5155 0.9975433349609375
5155 0.9942054748535156
5146 0.9968280792236328
5146 0.9999275207519531
5108 0.9961128234863281
5108 1.0013580322265625
5108 0.0
5103 0.0
5096 1.992940902709961
5096 0.0
5062 0.0
5060 0.99945068359375
5060 0.9942054748535156
5060 0.9982585906982422
5055 0.9975433349609375
5055 0.9970664978027344
5055 1.004934310913086
5050 0.9925365447998047
5050 0.9944438934326172
5050 0.9973049163818359
5050 0.9970664978027344
5050 0.9977817535400391
5050 0.9965896606445312
5050 0.9977817535400391
5050 0.99945068359375
5050 0.9970664978027344
5050 1.0001659393310547
5050 0.9937286376953125
5050 0.0
5050 0.9958744049072266
5050 1.0030269622802734
5050 0.9934902191162109
5050 0.9958744049072266
5050 0.9973049163818359
5039 0.9980201721191406
5039 0.9999275207519531
5031 0.9939670562744141
5022 0.9968280792236328
4999 0.9984970092773438
4999 0.9973049163818359
4999 0.9965896606445312
4999 0.9975433349609375
4973 0.9632110595703125
4973 1.033782958984375
4962 0.9975433349609375
4962 0.9953975677490234
4962 0.9970664978027344
4962 0.9982585906982422
4962 0.9963512420654297
4962 0.9970664978027344
4962 0.9970664978027344
4962 0.99945068359375
4962 0.9951591491699219
4958 0.0
4941 0.9970664978027344
4941 0.9980201721191406
4941 1.0035037994384766
4941 0.9911060333251953
4934 0.9973049163818359
4934 0.9980201721191406
4934 0.9999275207519531
4934 0.9942054748535156
4919 0.9992122650146484
4918 0.9958744049072266
4918 1.0008811950683594
4918 0.9927749633789062
4914 0.9975433349609375
4914 0.9973049163818359
4879 0.9996891021728516
4869 0.9973049163818359
4869 0.9975433349609375
4869 0.9953975677490234
4869 0.9973049163818359
4869 0.9968280792236328
4869 0.9977817535400391
4869 0.0
4840 0.0
4840 0.9918212890625
4820 0.0
4817 0.9951591491699219
4817 0.9980201721191406
4817 1.9986629486083984
4817 0.9927749633789062
4817 0.9975433349609375
4817 0.995635986328125
4804 0.0
4801 1.0006427764892578
4801 0.9958744049072266
4794 0.9977817535400391
4794 0.9975433349609375
4789 1.0042190551757812
4789 0.9899139404296875
4789 0.9970664978027344
4789 0.9992122650146484
4785 0.9615421295166016
4785 1.0318756103515625
4767 0.9970664978027344
4767 0.9975433349609375
4765 0.9968280792236328
4765 0.9977817535400391
4765 0.9970664978027344
4765 0.9958744049072266
4765 0.99945068359375
4765 0.9958744049072266
4763 0.9980201721191406
4749 0.9970664978027344
4749 0.9980201721191406
4744 0.9965896606445312
4744 0.9977817535400391
4744 0.9989738464355469
4731 0.9951591491699219
4731 0.9641647338867188
4731 1.0311603546142578
4731 0.9963512420654297
4730 0.9973049163818359
4730 0.9627342224121094
4728 0.9968280792236328
4723 1.0309219360351562
4723 0.9951591491699219
4723 0.9977817535400391
4699 0.9942054748535156
4699 0.9992122650146484
4699 0.9987354278564453
4699 0.9670257568359375
4699 1.9943714141845703
4699 0.9970664978027344
4699 0.9975433349609375
4699 0.9975433349609375
4699 1.9943714141845703
4699 0.9975433349609375
4699 0.9973049163818359
4688 1.9943714141845703
4680 0.9975433349609375
4680 1.9946098327636719
4667 0.9973049163818359
4664 0.9973049163818359
4660 0.9973049163818359
4660 0.9973049163818359
4642 0.9977817535400391
4642 0.9992122650146484
4642 0.995635986328125
4642 0.9968280792236328
4642 1.9948482513427734
4634 0.9973049163818359
4632 1.9943714141845703
4618 0.9980201721191406
4618 0.9968280792236328
4616 0.9973049163818359
4609 0.9975433349609375
4609 0.9973049163818359
4599 0.9970664978027344
4599 1.9948482513427734
4599 0.9973049163818359
4599 0.9958744049072266
4594 1.9962787628173828
4594 0.9973049163818359
4586 1.9946098327636719
4579 0.9970664978027344
4579 0.9975433349609375
4579 0.9973049163818359
4579 1.9946098327636719
4579 0.9980201721191406
4579 0.9970664978027344
4558 0.9970664978027344
4558 0.9973049163818359
4558 0.9975433349609375
4558 1.9946098327636719
4558 0.9984970092773438
4541 0.9963512420654297
4541 0.9970664978027344
4541 1.9948482513427734
4541 0.9973049163818359
4541 2.028942108154297
4541 0.9973049163818359
4541 0.99945068359375
4541 0.9973049163818359
4539 0.0
4539 0.0
4539 0.9973049163818359
4524 0.9980201721191406
4503 0.9980201721191406
4478 0.9963512420654297
4478 0.9977817535400391
4478 0.9987354278564453
4459 0.9977817535400391
4459 0.9953975677490234
4459 0.9965896606445312
4459 0.9984970092773438
4459 0.9970664978027344
4452 0.9973049163818359
4450 0.9968280792236328
4450 0.9968280792236328
4450 0.9996891021728516
4449 0.9925365447998047
4449 0.9951591491699219
4449 0.9999275207519531
4449 0.9977817535400391
4417 0.9672641754150391
4417 1.0271072387695312
4417 1.001119613647461
4417 0.9932518005371094
4417 0.9973049163818359
4417 0.9946823120117188
4417 1.0073184967041016
4417 0.9992122650146484
4417 0.9927749633789062
4417 0.9977817535400391
4417 0.99945068359375
4405 0.9965896606445312
4405 0.9953975677490234
4405 1.0027885437011719
4405 0.9915828704833984
4405 0.0
4405 0.0
4405 1.9595623016357422
4405 0.0
4404 1.0328292846679688
4404 0.9989738464355469
4404 0.9946823120117188
4404 0.9982585906982422
4404 0.9970664978027344
4404 1.0035037994384766
4404 0.9908676147460938
4404 0.9977817535400391
4404 0.9992122650146484
4404 0.9944438934326172
4398 0.9984970092773438
4394 0.9970664978027344
4394 0.9999275207519531
4394 0.9977817535400391
4394 0.9942054748535156
4394 0.9975433349609375
4394 0.9970664978027344
4394 0.9989738464355469
4394 0.9601116180419922
4394 0.9970664978027344
4394 0.9970664978027344
4394 0.9973049163818359
4382 0.9975433349609375
4382 0.9973049163818359
4382 0.9973049163818359
4382 0.9975433349609375
4379 0.9970664978027344
4379 0.9973049163818359
4379 0.9973049163818359
4379 0.9975433349609375
4379 0.9973049163818359
4379 0.0
4379 0.9973049163818359
4379 0.9977817535400391
4379 0.9970664978027344
4379 0.9970664978027344
4379 0.9973049163818359
4379 0.9975433349609375
4379 0.9973049163818359
4379 0.9973049163818359
4371 0.9973049163818359
4371 0.9973049163818359
4371 0.0
4371 0.9970664978027344
4371 0.9975433349609375
4363 0.9975433349609375
4363 1.9946098327636719
4363 0.9973049163818359
4363 0.9970664978027344
4363 0.9984970092773438
4363 0.9965896606445312
4363 0.9970664978027344
4363 0.9973049163818359
4363 0.9975433349609375
4363 0.9973049163818359
4360 0.9973049163818359
4360 1.0008811950683594
4355 0.9937286376953125
4355 0.9973049163818359
4352 0.9970664978027344
4352 0.9973049163818359
4352 0.0
4352 0.0
4343 1.9946098327636719
4337 0.9975433349609375
4334 0.9970664978027344
4334 1.9946098327636719
4334 0.0
4320 0.9975433349609375
4320 0.9973049163818359
4320 0.9970664978027344
4320 0.9975433349609375
4320 0.9973049163818359
4320 0.9973049163818359
4320 0.9977817535400391
4316 0.9970664978027344
4316 0.9973049163818359
4316 0.9973049163818359
4316 0.9975433349609375
4316 0.9970664978027344
4316 2.0318031311035156
4316 0.9970664978027344
4316 0.9999275207519531
4308 0.9593963623046875
4305 0.9973049163818359
4298 1.9946098327636719
4267 0.9975433349609375
4267 1.9941329956054688
4267 0.9977817535400391
4267 0.9970664978027344
4267 1.995086669921875
4267 0.9973049163818359
4267 0.9970664978027344
4267 0.9975433349609375
4262 0.9973049163818359
4262 0.9975433349609375
4255 1.0311603546142578
4255 0.9968280792236328
4255 0.9987354278564453
4240 0.9973049163818359
4240 0.9949207305908203
4240 1.0013580322265625
4240 0.995635986328125
4240 1.0020732879638672
4240 0.9915828704833984
4240 0.9977817535400391
4240 0.9975433349609375
4239 0.9977817535400391
4239 0.9989738464355469
4239 0.9951591491699219
4239 0.9970664978027344
4239 0.9980201721191406
4239 0.9622573852539062
4239 1.0323524475097656
4239 0.9965896606445312
4239 0.9982585906982422
4239 0.9987354278564453
4239 0.9963512420654297
4217 0.9977817535400391
4217 1.0008811950683594
4217 0.9946823120117188
4210 0.9949207305908203
4205 0.9973049163818359
4191 0.9980201721191406
4167 0.0
4167 0.0
4167 0.9953975677490234
4167 0.9977817535400391
4167 0.9965896606445312
4166 0.9965896606445312
4166 1.0020732879638672
4166 0.9934902191162109
4166 0.9963512420654297
4166 0.9963512420654297
4160 0.99945068359375
4160 0.9963512420654297
4160 0.9977817535400391
4160 0.9970664978027344
4160 0.9973049163818359
4160 0.9984970092773438
4160 0.9970664978027344
4160 0.9632110595703125
4160 1.0309219360351562
4160 0.9925365447998047
4160 0.9953975677490234
4160 0.99945068359375
4160 1.9986629486083984
4160 0.9937286376953125
4157 0.9989738464355469
4157 0.9953975677490234
4157 1.0330677032470703
4132 0.9319782257080078
4124 1.0325908660888672
4124 0.9996891021728516
4124 0.9913444519042969
4124 0.9949207305908203
4123 1.0001659393310547
4119 1.9631385803222656
4118 1.0058879852294922
4118 0.9894371032714844
4118 1.992940902709961
4118 0.9968280792236328
4118 1.9941329956054688
4118 1.9969940185546875
4118 1.9948482513427734
4118 0.9980201721191406
4118 3.005504608154297
4118 0.9818077087402344
4118 1.9946098327636719
4118 1.0061264038085938
4118 1.9876956939697266
4118 0.9958744049072266
4116 1.9943714141845703
4104 0.9973049163818359
4104 0.9975433349609375
4104 1.9943714141845703
4104 0.9977817535400391
4104 1.9946098327636719
4104 0.9970664978027344
4104 1.9946098327636719
4104 0.9975433349609375
4104 1.9969940185546875
4104 2.105712890625
4104 0.8866786956787109
4092 1.0247230529785156
4092 0.9970664978027344
4092 1.9969940185546875
4049 0.9973049163818359
4049 0.9958744049072266
4049 0.9963512420654297
4049 0.9946823120117188
4049 0.0
4049 0.9999275207519531
4036 0.9992122650146484
4036 1.0004043579101562
4036 1.9593238830566406
4036 1.0287761688232422
4031 0.9965896606445312
4010 0.9968280792236328
4010 0.9975433349609375
4010 0.9970664978027344
3976 0.9970664978027344
3975 0.9984970092773438
3975 0.9992122650146484
3975 0.9958744049072266
3975 0.9963512420654297
3970 0.9944438934326172
3970 1.004934310913086
3970 0.9970664978027344
3955 0.9973049163818359
3955 0.9636878967285156
3955 1.0297298431396484
3945 1.9733905792236328
3945 0.9870529174804688
3945 0.9984970092773438
3945 1.9927024841308594
3938 0.9975433349609375
3938 0.9987354278564453
3936 1.9958019256591797
3936 2.003908157348633
3933 1.9829273223876953
3910 0.9975433349609375
3910 0.9973049163818359
3890 2.034425735473633
3890 1.9886493682861328
3878 1.003265380859375
3878 0.9875297546386719
3862 0.99945068359375
3851 0.9953975677490234
3851 0.9975433349609375
3851 0.9946823120117188
3851 0.99945068359375
3851 0.9973049163818359
3851 1.001596450805664
3851 0.9939670562744141
3851 1.0027885437011719
3851 0.0
3851 0.9596347808837891
3844 0.99945068359375
3844 1.0263919830322266
3844 0.9973049163818359
3844 1.0013580322265625
3844 0.9930133819580078
