298644 712.1269702911377
298624 35.93754768371582
298605 36.90600395202637
298576 37.928104400634766
298576 36.87906265258789
298556 36.92293167114258
298498 41.87488555908203
298498 44.87800598144531
298498 43.882131576538086
298485 49.89266395568848
298462 44.913530349731445
298448 48.86937141418457
298448 40.920257568359375
298445 39.89219665527344
298442 37.925004959106445
298436 37.86730766296387
298436 36.900997161865234
298428 38.92683982849121
298428 38.89918327331543
298420 39.86167907714844
298420 36.93556785583496
298399 38.89584541320801
298399 37.86778450012207
298395 36.86881065368652
298395 41.889190673828125
298373 89.72740173339844
298368 82.78059959411621
298368 52.86264419555664
298359 42.8624153137207
298350 47.873735427856445
298350 49.8652458190918
298350 51.8953800201416
298339 44.846534729003906
298333 44.87943649291992
298333 39.891958236694336
298298 37.92738914489746
298281 40.89045524597168
298265 38.89966011047363
298246 39.89148139953613
298229 38.8941764831543
298208 44.909000396728516
298189 41.85628890991211
298174 49.86763000488281
298166 51.89108848571777
298166 40.89069366455078
298165 39.893150329589844
298165 38.8636589050293
298162 36.937713623046875
298154 36.8959903717041
298154 45.847177505493164
298134 40.920257568359375
298096 35.9039306640625
298096 36.85617446899414
298085 51.89323425292969
298021 58.80928039550781
297978 94.73896026611328
297978 50.864219665527344
297977 40.89021682739258
297977 40.89093208312988
297977 83.77599716186523
297925 70.80912590026855
297919 69.81253623962402
297919 60.83393096923828
297912 39.92271423339844
297912 43.91217231750488
297912 38.8643741607666
297912 42.885780334472656
297912 41.91899299621582
297885 36.867618560791016
297885 41.886091232299805
297885 38.895368576049805
297885 41.88847541809082
297848 42.886972427368164
297848 36.90052032470703
297845 36.901235580444336
297845 37.92929649353027
297806 37.896156311035156
297754 39.86310958862305
297754 41.88346862792969
297754 37.89877891540527
297700 41.88799858093262
297700 37.92691230773926
297691 36.8649959564209
297637 36.900997161865234
297614 34.90591049194336
297603 37.92452812194824
297594 35.872459411621094
297593 37.89806365966797
297593 51.857948303222656
297584 34.90567207336426
297580 35.903215408325195
297580 36.90195083618164
297580 40.891170501708984
297580 41.92185401916504
297567 44.8756217956543
297567 40.86136817932129
297567 39.891719818115234
297566 38.92660140991211
297566 69.8080062866211
297488 38.893938064575195
297488 37.933349609375
297465 37.89329528808594
297446 37.90116310119629
297441 38.866519927978516
297441 41.88680648803711
297436 38.92827033996582
297435 40.85564613342285
297390 45.87554931640625
297390 39.891958236694336
297363 44.91114616394043
297335 50.83155632019043
297319 40.891170501708984
297312 41.92042350769043
297234 39.86024856567383
297229 39.89219665527344
297164 38.895606994628906
297164 38.896799087524414
297144 46.87380790710449
297137 40.88878631591797
297137 35.9036922454834
297131 35.9039306640625
297131 39.89291191101074
297131 35.903215408325195
297129 35.91203689575195
297117 35.9036922454834
297117 35.9036922454834
297115 47.872066497802734
297115 50.86398124694824
297115 39.922237396240234
297115 34.9123477935791
297042 36.8657112121582
297024 38.895368576049805
297024 39.89243507385254
297024 39.893388748168945
297024 40.88878631591797
296995 39.92462158203125
296995 53.85446548461914
296991 47.89924621582031
296991 42.87576675415039
296948 36.86952590942383
296948 38.895606994628906
296948 45.908451080322266
296917 37.89687156677246
296915 45.874595642089844
296915 36.90290451049805
296885 37.89544105529785
296885 40.889739990234375
296885 36.908626556396484
296872 43.87784004211426
296872 35.90512275695801
296806 41.85819625854492
296749 63.8279914855957
296749 64.82315063476562
296727 50.86565017700195
296710 70.81198692321777
296710 154.5848846435547
296710 49.8661994934082
296627 43.88284683227539
296622 46.90194129943848
296622 42.85693168640137
296610 51.89323425292969
296555 39.92509841918945
296555 39.89911079406738
296553 41.88799858093262
296538 40.88854789733887
296518 57.8763484954834
296506 38.86818885803223
296470 37.89806365966797
296458 40.85946083068848
296452 44.90923881530762
296414 41.85676574707031
296414 37.866830825805664
296414 36.92889213562012
296414 42.91582107543945
296393 39.85881805419922
296393 40.89021682739258
296393 38.895606994628906
296393 47.90306091308594
296392 41.92519187927246
296389 50.83107948303223
296382 49.897193908691406
296382 37.90020942687988
296377 39.855241775512695
296377 39.893150329589844
296353 36.901235580444336
296353 118.682861328125
296353 77.82554626464844
296353 52.826881408691406
296353 46.8747615814209
296315 45.90582847595215
296308 40.86184501647949
296308 41.91899299621582
296295 43.848514556884766
296282 41.91756248474121
296282 45.87674140930176
296282 42.85407066345215
296272 46.875715255737305
296272 45.87364196777344
296264 42.88458824157715
296245 42.885541915893555
296245 41.9154167175293
296245 78.79137992858887
296238 37.90545463562012
296226 37.89925575256348
296226 38.8944149017334
296142 45.87745666503906
296142 43.883562088012695
296103 36.931514739990234
296073 37.89710998535156
296073 35.9041690826416
296073 35.93921661376953
296073 36.90004348754883
296062 35.9034538269043
296062 36.90290451049805
296031 36.89908981323242
296019 36.90171241760254
295998 50.86541175842285
295998 41.92233085632324
295942 35.902976989746094
295942 36.9107723236084
295937 36.93509101867676
295925 56.802988052368164
295873 50.89902877807617
295873 37.895917892456055
295786 55.818796157836914
295786 51.86152458190918
295786 161.56911849975586
295781 53.861379623413086
295730 45.87697982788086
295730 52.892208099365234
295730 48.89369010925293
295730 47.8367805480957
295730 42.88315773010254
295719 46.87380790710449
295706 39.893388748168945
295706 37.899017333984375
295700 39.891958236694336
295700 36.94462776184082
295700 37.866830825805664
295700 36.90338134765625
295700 36.89932823181152
295681 43.883323669433594
295675 45.90964317321777
295675 36.89980506896973
295664 41.88728332519531
295635 37.897586822509766
295635 41.9163703918457
295626 38.86604309082031
295610 38.895368576049805
295586 36.90218925476074
295581 41.915178298950195
295557 43.91217231750488
295546 35.907745361328125
295546 35.86530685424805
295546 35.903215408325195
295527 41.92233085632324
295522 38.8946533203125
295492 36.90075874328613
295489 139.6200656890869
295477 82.7474594116211
295447 55.852413177490234
295406 42.91939735412598
295406 45.836448669433594
295395 44.91138458251953
295388 36.90505027770996
295377 38.85936737060547
295357 42.914390563964844
295338 45.84026336669922
295301 37.934064865112305
295292 35.90655326843262
295292 35.90250015258789
295292 52.85978317260742
295292 57.84463882446289
295222 46.904802322387695
295222 36.841630935668945
295222 55.81498146057129
295136 154.5863151550293
295101 56.88762664794922
295101 49.832820892333984
295084 47.87278175354004
295084 48.86913299560547
295084 38.858652114868164
295064 46.875953674316406
295064 62.86120414733887
295064 35.9044075012207
295064 36.90648078918457
295021 37.89949417114258
294994 37.897586822509766
294978 38.93399238586426
294967 37.810564041137695
294929 49.89743232727051
294920 38.86675834655762
294920 36.934614181518555
294920 46.87356948852539
294904 45.87531089782715
294904 38.90490531921387
294904 37.92905807495117
294904 37.8718376159668
294884 43.88165473937988
294884 42.88077354431152
294884 42.88315773010254
294875 40.891408920288086
294875 38.893938064575195
294864 41.88871383666992
294864 78.78780364990234
294864 42.88506507873535
294846 38.92636299133301
294778 39.893388748168945
294778 41.890859603881836
294778 49.895524978637695
294727 35.90869903564453
294683 39.894819259643555
294667 135.6344223022461
294630 92.72551536560059
294590 57.849884033203125
294590 42.919158935546875
294554 42.882680892944336
294532 47.87278175354004
294511 42.88339614868164
294511 45.88484764099121
294511 52.857160568237305
294511 47.90186882019043
294500 43.88236999511719
294489 39.92414474487305
294489 62.799930572509766
294489 53.856611251831055
294479 39.89148139953613
294474 64.82791900634766
294456 147.5965976715088
294456 92.75126457214355
294423 71.807861328125
294418 49.86691474914551
294397 43.91646385192871
294397 38.899898529052734
294397 43.91169548034668
294397 41.85628890991211
294397 39.89362716674805
294397 41.91303253173828
294372 38.90085220336914
294357 39.890289306640625
294357 39.9167537689209
294347 48.86913299560547
294347 46.838998794555664
294347 53.85732650756836
294306 43.87855529785156
294290 45.85099220275879
294281 60.83559989929199
294268 47.90186882019043
294268 40.85898399353027
294268 41.889190673828125
294230 44.90947723388672
294230 46.8447208404541
294219 44.88039016723633
294166 48.86794090270996
294155 44.879913330078125
294145 42.88601875305176
294111 47.90329933166504
294111 39.85953330993652
294042 40.891170501708984
294042 46.87333106994629
294042 39.89219665527344
294042 44.87800598144531
294033 41.85676574707031
294033 45.87841033935547
293949 37.9338264465332
293899 36.895751953125
293899 36.89384460449219
293899 42.853355407714844
293852 36.93056106567383
293837 38.90371322631836
293837 37.89377212524414
293837 36.90052032470703
293793 35.9349250793457
293793 36.90671920776367
293793 36.86642646789551
293793 35.902976989746094
293793 38.89608383178711
293788 36.93866729736328
293788 42.849063873291016
293788 35.9349250793457
293788 36.873579025268555
293750 36.93032264709473
293702 35.9039306640625
293661 39.86310958862305
293657 46.90861701965332
293598 35.904645919799805
293593 40.85278511047363
293559 38.8944149017334
293539 44.87967491149902
293539 53.856611251831055
293539 43.91193389892578
293502 43.88236999511719
293478 38.89656066894531
293478 37.86611557006836
293478 47.87158966064453
293478 49.8652458190918
293474 40.921926498413086
293464 39.88838195800781
293458 39.89386558532715
293440 37.86587715148926
293440 37.92977333068848
293434 38.8643741607666
293423 39.893388748168945
293423 37.94145584106445
293423 35.87031364440918
293409 36.901235580444336
293409 36.901235580444336
293409 71.84290885925293
293409 43.881893157958984
293390 37.929534912109375
293390 37.897348403930664
293383 38.89632225036621
293341 39.89243507385254
293341 39.92414474487305
293338 45.84765434265137
293325 38.930416107177734
293319 40.85946083068848
293304 35.9034538269043
293289 138.62919807434082
293285 85.7694149017334
293278 46.90670967102051
293278 44.852256774902344
293278 43.8845157623291
293270 43.88236999511719
293257 42.884111404418945
293237 47.87087440490723
293237 41.9154167175293
293210 44.85011100769043
293195 47.87039756774902
293195 47.899723052978516
293195 40.8933162689209
293189 50.83417892456055
293189 45.906782150268555
293189 37.902116775512695
293189 38.166046142578125
293112 35.90106964111328
293085 36.907196044921875
293085 36.893367767333984
293075 41.85080528259277
293045 49.86572265625
293045 36.93389892578125
292994 36.8955135345459
292992 36.90147399902344
292992 36.86809539794922
292942 35.90273857116699
292942 36.90171241760254
292942 35.901546478271484
292930 35.9036922454834
292930 52.85835266113281
292900 44.87872123718262
292827 43.91813278198242
292827 37.86468505859375
292827 37.897348403930664
292796 42.91510581970215
292709 41.857004165649414
292709 39.89291191101074
292709 45.91059684753418
292699 37.86659240722656
292678 46.9050407409668
292673 36.90648078918457
292627 36.8657112121582
292619 38.91944885253906
292617 36.875009536743164
292617 38.89608383178711
292607 35.933732986450195
292607 36.90075874328613
292549 35.90703010559082
292522 35.872459411621094
292522 36.93056106567383
292462 39.89243507385254
292419 38.90275955200195
292419 37.86277770996094
292412 36.90052032470703
292412 36.90052032470703
292408 35.9039306640625
292408 36.93723678588867
292387 35.90059280395508
292387 37.867069244384766
292363 38.89822959899902
292363 44.86083984375
292363 43.85042190551758
292331 42.91653633117676
292331 42.85383224487305
292331 48.868656158447266
292311 42.91081428527832
292305 38.867950439453125
292305 56.8544864654541
292305 60.837507247924805
292299 73.80247116088867
292270 65.82355499267578
292248 150.59685707092285
292248 49.86763000488281
292248 41.88394546508789
292227 41.886091232299805
292227 51.89204216003418
292219 37.89782524108887
292198 35.90226173400879
292102 39.86072540283203
292102 40.89021682739258
292102 45.877933502197266
292102 37.89496421813965
292102 53.82895469665527
292097 45.907020568847656
292097 41.8851375579834
292079 35.898447036743164
292079 35.87222099304199
292079 44.88062858581543
292055 45.838117599487305
292055 45.877695083618164
292035 41.88728332519531
292023 75.79684257507324
292023 38.8948917388916
292017 37.92881965637207
292000 46.87356948852539
292000 44.90995407104492
292000 37.897348403930664
292000 42.885541915893555
292000 65.2613639831543
292000 39.92652893066406
291994 38.8946533203125
291994 42.85311698913574
291994 42.82736778259277
291991 43.882131576538086
291991 47.901153564453125
291966 37.89019584655762
291953 40.89093208312988
291953 50.861358642578125
291936 50.893545150756836
291933 39.861202239990234
291933 45.87864875793457
291870 57.843685150146484
291870 42.88601875305176
291858 57.88087844848633
291858 57.81149864196777
291858 55.87363243103027
291858 54.84890937805176
291858 59.81040000915527
291801 58.873891830444336
291801 56.84661865234375
291788 51.860809326171875
291761 56.84971809387207
291760 55.83834648132324
291760 54.89182472229004
291760 52.85930633544922
291760 54.81433868408203
291754 52.85787582397461
291754 58.87269973754883
291718 59.80849266052246
291711 61.835289001464844
291704 57.85322189331055
291704 51.89061164855957
291704 54.853200912475586
291704 55.84001541137695
291692 52.85763740539551
291643 47.842979431152344
291640 42.883872985839844
291640 45.87578773498535
291640 37.900686264038086
291640 37.86110877990723
291633 35.903215408325195
291633 39.893388748168945
291607 36.90338134765625
291589 37.903547286987305
291589 37.903785705566406
291589 36.93127632141113
291589 36.86952590942383
291588 35.93921661376953
291565 39.855241775512695
291514 40.88878631591797
291512 35.903215408325195
291494 35.90273857116699
291482 48.87032508850098
291476 42.91582107543945
291476 37.89520263671875
291459 35.903215408325195
291459 39.86167907714844
291459 46.905517578125
291445 36.86952590942383
291445 38.89584541320801
291445 41.91946983337402
291445 39.853572845458984
291429 37.89782524108887
291429 37.897586822509766
291429 41.91756248474121
291429 42.88506507873535
291429 41.85128211975098
291429 35.902976989746094
291429 39.893150329589844
291429 49.896240234375
291429 36.90671920776367
291427 42.88029670715332
291411 38.86604309082031
291411 42.91510581970215
291392 43.881893157958984
291337 47.87087440490723
291333 38.895606994628906
291321 41.91851615905762
291320 38.92636299133301
291320 38.895606994628906
291313 38.8951301574707
291313 37.89401054382324
291313 38.92636299133301
291305 42.855262756347656
291244 40.92597961425781
291244 37.92548179626465
291237 37.87374496459961
291227 46.904802322387695
291227 36.90147399902344
291184 37.87088394165039
291158 38.93136978149414
291142 35.89963912963867
291142 37.86349296569824
291142 40.918588638305664
291132 67.78693199157715
291132 36.9410514831543
291132 37.89472579956055
291123 37.89997100830078
291063 36.89980506896973
291040 37.89830207824707
291040 36.900997161865234
291040 45.87912559509277
291040 50.86207389831543
291022 36.90004348754883
290992 36.900997161865234
290992 36.901235580444336
290992 35.90273857116699
290992 36.900997161865234
290989 37.89830207824707
290974 65.82403182983398
290974 117.68317222595215
290962 62.83068656921387
290950 47.87111282348633
290950 50.86374282836914
290948 46.87380790710449
290948 44.87776756286621
290948 41.88871383666992
290948 43.91598701477051
290948 47.867774963378906
290948 41.890621185302734
290948 43.92051696777344
290907 46.86331748962402
290894 48.900604248046875
290894 39.89386558532715
290891 46.84019088745117
290840 47.90186882019043
290840 40.89689254760742
290838 54.81982231140137
290838 102.71644592285156
290838 71.77400588989258
290805 54.86035346984863
290780 41.88656806945801
290780 45.777320861816406
290780 44.87967491149902
290780 40.891408920288086
290780 42.91391372680664
290780 41.85318946838379
290766 47.872066497802734
290762 39.92605209350586
290710 40.85850715637207
290701 38.9254093170166
290701 37.867069244384766
290698 40.889739990234375
290651 54.85415458679199
290651 61.83338165283203
290643 54.853200912475586
290643 43.880462646484375
290643 46.8745231628418
290624 42.883872985839844
290624 39.87550735473633
290624 42.85478591918945
290571 42.91820526123047
290558 37.89353370666504
290558 38.86151313781738
290558 36.90052032470703
290558 36.963462829589844
290558 35.9039306640625
290497 36.86714172363281
290485 38.89584541320801
290473 39.923906326293945
290467 43.883562088012695
290467 39.919376373291016
290442 45.85099220275879
290439 38.92803192138672
290431 37.86802291870117
290424 45.91178894042969
290424 146.60286903381348
290401 49.83401298522949
290393 40.892601013183594
290390 39.92295265197754
290349 43.875694274902344
290316 47.843217849731445
290316 39.908409118652344
290316 48.86960983276367
290240 51.85818672180176
290237 46.8745231628418
290176 46.84281349182129
290162 46.87237739562988
290152 44.886112213134766
290147 50.891876220703125
290120 46.84281349182129
290120 58.80856513977051
290111 91.78352355957031
290079 47.8365421295166
290079 54.85272407531738
290066 70.81031799316406
290055 56.87856674194336
290055 35.90869903564453
290055 48.83456230163574
290055 40.91930389404297
290055 42.88887977600098
290055 48.83742332458496
290055 48.867225646972656
290035 44.87967491149902
289989 59.84044075012207
289989 68.81356239318848
289989 44.87967491149902
289989 106.71257972717285
289988 43.916940689086914
289988 46.9059944152832
289967 41.91923141479492
289945 40.85874557495117
289935 39.92176055908203
289906 46.84042930603027
289859 49.89504814147949
289859 37.866830825805664
289853 45.87817192077637
289853 40.91906547546387
289853 39.86167907714844
289834 49.86763000488281
289834 48.86746406555176
289834 39.89458084106445
289808 38.89656066894531
289801 42.88363456726074
289788 43.91026496887207
289788 40.862083435058594
289777 38.89894485473633
289755 44.878482818603516
289755 45.91226577758789
289742 41.853904724121094
289742 39.89124298095703
289742 36.93222999572754
289692 47.84417152404785
289692 47.87015914916992
289685 35.9034538269043
289685 36.93819046020508
289685 39.85881805419922
289685 42.85311698913574
289685 56.87761306762695
289685 44.84915733337402
289685 46.90957069396973
289666 35.87007522583008
289647 41.89276695251465
289647 44.855356216430664
289647 36.90147399902344
289647 35.90273857116699
289647 40.88854789733887
289647 36.90147399902344
289647 45.85003852844238
289623 44.90995407104492
289622 36.905527114868164
289622 35.89916229248047
289618 35.90703010559082
289618 40.85421562194824
289606 39.893388748168945
289606 51.824331283569336
289606 44.88086700439453
289598 43.88070106506348
289561 36.90028190612793
289493 36.937713623046875
289484 42.88077354431152
289484 37.86587715148926
289477 37.897586822509766
289461 35.89773178100586
289461 39.862632751464844
289461 44.878244400024414
289461 36.93699836730957
289461 36.90600395202637
289461 50.83179473876953
289461 35.9344482421875
289458 35.902976989746094
289458 42.89650917053223
289433 40.92097282409668
289433 35.904884338378906
289433 37.863731384277344
289433 37.92214393615723
289411 35.91108322143555
289411 37.857770919799805
289406 35.902976989746094
289361 35.903215408325195
289361 54.85200881958008
289361 36.90195083618164
289328 35.93778610229492
289328 36.899566650390625
289328 44.88039016723633
289328 53.853511810302734
289301 39.89362716674805
289301 44.881582260131836
289301 52.8867244720459
289273 36.896467208862305
289273 35.90798377990723
289273 37.9033088684082
289273 36.901235580444336
289273 46.8745231628418
289261 36.92984580993652
289261 36.90600395202637
289261 35.90893745422363
289250 37.862539291381836
289250 35.9346866607666
289250 41.87941551208496
289228 41.88942909240723
289228 41.85962677001953
289186 50.86350440979004
289186 50.86326599121094
289186 36.93532943725586
289177 48.83074760437012
289113 43.91765594482422
289070 36.8647575378418
289046 36.93747520446777
289046 36.863088607788086
289045 69.84233856201172
289045 36.897897720336914
289040 37.86468505859375
289009 47.83821105957031
289000 37.86730766296387
289000 36.873817443847656
288965 35.8881950378418
288961 40.89093208312988
288953 39.89148139953613
288953 37.934303283691406
288953 51.862478256225586
288946 36.93580627441406
288946 43.88308525085449
288946 41.84770584106445
288940 43.88260841369629
288940 38.897037506103516
288928 57.91807174682617
288922 51.85747146606445
288922 50.862789154052734
288895 54.82363700866699
288883 49.8964786529541
288879 43.877363204956055
288879 52.88577079772949
288879 49.86691474914551
288843 70.84035873413086
288773 43.8542366027832
288773 38.9254093170166
288773 35.90846061706543
288773 35.904645919799805
288773 45.84026336669922
288734 41.88728332519531
288728 36.92889213562012
288728 37.90163993835449
288728 35.90273857116699
288679 44.844627380371094
288679 41.91780090332031
288643 43.85089874267578
288643 37.89854049682617
288643 36.936283111572266
288595 35.89296340942383
288552 36.904096603393555
288522 37.84513473510742
288513 43.91837120056152
288510 36.89241409301758
288510 35.9036922454834
288510 35.9034538269043
288508 35.90846061706543
288496 48.863887786865234
288492 36.87095642089844
288492 35.928964614868164
288479 37.903547286987305
288479 41.85152053833008
288479 42.92035102844238
288479 35.86316108703613
288479 43.88308525085449
288438 42.91510581970215
288438 40.895938873291016
288438 38.89179229736328
288437 35.90822219848633
288437 36.865234375
288388 49.86691474914551
288382 39.891719818115234
288371 36.900997161865234
288343 35.9039306640625
288343 45.908451080322266
288343 40.85683822631836
288343 41.92471504211426
288343 35.87198257446289
288311 47.87278175354004
288305 53.896188735961914
288305 36.86642646789551
288270 35.9034538269043
288235 35.90893745422363
288228 46.83995246887207
288228 49.90029335021973
288223 43.84732246398926
288223 40.91978073120117
288205 35.902976989746094
288202 48.833608627319336
288193 36.899566650390625
288114 37.9328727722168
288114 35.90059280395508
288111 35.90846061706543
288111 36.92746162414551
288106 40.86041450500488
288106 45.907020568847656
288106 46.843528747558594
288102 41.88680648803711
288102 40.92144966125488
288081 42.886972427368164
288081 43.88284683227539
288081 69.78368759155273
288067 64.85605239868164
288067 42.853593826293945
288067 42.88482666015625
288062 41.89252853393555
288055 49.834489822387695
288053 45.90773582458496
288009 58.8068962097168
288009 54.84962463378906
288006 56.84971809387207
288006 55.867671966552734
288006 51.856040954589844
287976 116.65725708007812
287976 56.84852600097656
287976 49.865007400512695
287976 37.89877891540527
287976 44.88110542297363
287952 45.90916633605957
287921 44.84891891479492
287921 43.87998580932617
287841 44.879913330078125
287828 44.87919807434082
287823 49.86906051635742
287823 54.880619049072266
287794 65.82474708557129
287794 46.907663345336914
287794 45.87149620056152
287794 44.90995407104492
287757 42.9079532623291
287757 59.89217758178711
287757 44.878482818603516
287757 54.8856258392334
287675 48.86913299560547
287633 49.8347282409668
287613 45.90940475463867
287570 46.84734344482422
287569 46.84591293334961
287569 43.87784004211426
287569 44.84891891479492
287569 47.902822494506836
287569 36.87000274658203
287569 47.872066497802734
287549 42.91486740112305
287549 43.853044509887695
287549 44.87442970275879
287549 39.89386558532715
287528 41.92829132080078
287475 35.904884338378906
287462 35.89820861816406
287462 44.88062858581543
287444 38.924217224121094
287435 36.910295486450195
287378 46.8440055847168
287378 38.92874717712402
287378 35.89963912963867
287346 41.85152053833008
287310 40.92240333557129
287237 45.84646224975586
287213 46.90861701965332
287176 35.90798377990723
287176 36.87119483947754
287173 45.91250419616699
287173 35.86745262145996
287173 36.931514739990234
287101 36.90648078918457
287076 35.9036922454834
287066 36.86356544494629
287062 38.8643741607666
287061 36.93747520446777
287061 47.83320426940918
287048 41.88799858093262
287048 57.84487724304199
287024 44.913291931152344
287024 38.89918327331543
286978 43.87664794921875
286972 44.84844207763672
286949 43.88284683227539
286906 42.88315773010254
286906 40.88902473449707
286906 39.89243507385254
286898 35.902976989746094
286898 36.900997161865234
286898 43.8840389251709
286898 58.83336067199707
286898 48.89822006225586
286894 37.90545463562012
286878 36.8962287902832
286878 35.90846061706543
286871 41.88656806945801
286871 37.903547286987305
286871 35.86077690124512
