37004 15.957355499267578
37000 3.9894580841064453
36988 3.9577484130859375
36988 2.9916763305664062
36981 3.9887428283691406
36957 2.9921531677246094
36925 3.9892196655273438
36852 3.9892196655273438
36852 3.9894580841064453
36852 13.99683952331543
36823 3.9870738983154297
36789 3.9911270141601562
36789 3.993988037109375
36766 3.9510726928710938
36762 4.0264129638671875
36753 3.9865970611572266
36737 3.9925575256347656
36704 3.99017333984375
36657 3.986358642578125
36655 3.992319107055664
36655 3.9882659912109375
36655 4.017829895019531
36655 3.9899349212646484
36629 3.989696502685547
36595 3.9937496185302734
36565 2.994060516357422
36559 4.947900772094727
36558 3.9892196655273438
36554 3.9894580841064453
36554 3.989696502685547
36554 4.986286163330078
36527 3.9892196655273438
36470 3.9894580841064453
36456 2.991914749145508
36438 4.986763000488281
36432 2.991914749145508
36432 2.9916763305664062
36390 3.989696502685547
36383 3.99017333984375
36365 4.0149688720703125
36316 3.994464874267578
36283 3.988981246948242
36267 4.98652458190918
36241 3.9894580841064453
36241 3.988981246948242
36241 6.951570510864258
36241 4.019498825073242
36186 3.988981246948242
36185 3.9942264556884766
36185 3.988981246948242
36185 3.989696502685547
36183 3.9887428283691406
36183 3.9899349212646484
36145 3.988504409790039
36088 4.952907562255859
36088 5.984783172607422
36088 4.985809326171875
36069 5.984306335449219
36069 5.023956298828125
36069 3.985881805419922
36069 3.9916038513183594
36069 3.987550735473633
36069 3.9873123168945312
36069 3.9908885955810547
36069 3.9899349212646484
36051 3.988504409790039
36051 3.9958953857421875
36051 3.983020782470703
36040 2.9935836791992188
36040 4.985570907592773
36016 3.991842269897461
36016 3.9870738983154297
36002 2.9921531677246094
35997 3.9870738983154297
35970 3.991842269897461
35970 3.9510726928710938
35948 5.984306335449219
35948 5.98454475402832
35948 6.018877029418945
35948 3.9844512939453125
35861 7.978916168212891
35861 3.993511199951172
35844 2.9888153076171875
35842 4.952669143676758
35842 5.983829498291016
35800 4.986763000488281
35780 5.016088485717773
35780 3.986835479736328
35780 3.9920806884765625
35752 3.957986831665039
35731 4.0283203125
35731 3.950357437133789
35731 3.9894580841064453
35721 3.9892196655273438
35721 3.9894580841064453
35721 3.9892196655273438
35721 3.9892196655273438
35717 3.9894580841064453
35717 3.9894580841064453
35648 3.9892196655273438
35614 3.9892196655273438
35597 4.026174545288086
35594 3.989696502685547
35594 3.988981246948242
35594 3.988981246948242
35526 3.9894580841064453
35522 3.99017333984375
35468 4.950761795043945
35468 5.983829498291016
35468 5.984067916870117
35433 4.986763000488281
35427 5.983829498291016
35358 5.984067916870117
35327 5.984067916870117
35315 4.98652458190918
35310 5.984067916870117
35308 4.986763000488281
35280 5.984067916870117
35273 5.9833526611328125
35273 4.987001419067383
35273 5.984306335449219
35273 4.98652458190918
35273 6.981372833251953
35268 4.986763000488281
35268 5.984306335449219
35268 4.986286163330078
35268 5.983829498291016
35254 4.986763000488281
35239 5.984306335449219
35181 10.970354080200195
35154 4.986763000488281
35149 4.98652458190918
35149 7.978677749633789
35136 5.984306335449219
35136 9.972810745239258
35129 4.985332489013672
35129 3.9892196655273438
35126 3.9894580841064453
35126 4.02069091796875
35118 3.988981246948242
35118 3.9899349212646484
35118 3.9598941802978516
35118 5.013465881347656
35118 3.991842269897461
35118 3.994464874267578
35118 2.994060516357422
35118 4.990100860595703
35118 2.9861927032470703
35108 2.9926300048828125
35108 3.9892196655273438
35103 3.9894580841064453
35093 3.99017333984375
35093 3.988981246948242
35092 3.9892196655273438
35092 3.9882659912109375
35092 3.9904117584228516
35086 6.9446563720703125
35074 4.015207290649414
35034 3.9958953857421875
35031 3.9937496185302734
35005 3.988504409790039
34987 3.9894580841064453
34986 3.9534568786621094
34982 4.025459289550781
34951 3.988981246948242
34908 3.9887428283691406
34888 3.9892196655273438
34847 3.9894580841064453
34809 3.99017333984375
34787 3.988504409790039
34782 2.992391586303711
34779 4.950761795043945
34779 3.9894580841064453
34779 2.991914749145508
34779 3.9892196655273438
34779 3.99017333984375
34779 3.988504409790039
34771 4.986763000488281
34771 2.9916763305664062
34733 4.987239837646484
34698 3.988981246948242
34698 3.9892196655273438
34690 4.021406173706055
34690 3.9894580841064453
34673 3.9892196655273438
34668 3.957509994506836
34668 3.9908885955810547
34668 4.987478256225586
34655 5.983591079711914
34641 5.9833526611328125
34641 5.984067916870117
34641 5.984067916870117
34640 4.98652458190918
34638 5.021572113037109
34638 3.991365432739258
34638 3.9865970611572266
34628 3.9920806884765625
34628 4.984140396118164
34608 3.9894580841064453
34604 3.9892196655273438
34604 5.948305130004883
34588 4.020929336547852
34559 3.9861202239990234
34543 3.9920806884765625
34543 4.956483840942383
34506 4.985332489013672
34506 3.9894580841064453
34469 3.9892196655273438
34469 3.9894580841064453
34453 7.979869842529297
34453 4.985570907592773
34453 5.984783172607422
34453 5.983591079711914
34453 5.984067916870117
34448 4.019975662231445
34426 3.9849281311035156
34414 3.9937496185302734
34387 3.9937496185302734
34350 3.989696502685547
34335 3.9887428283691406
34328 3.9925575256347656
34328 3.9832592010498047
34328 3.9954185485839844
34328 3.991842269897461
34323 3.9839744567871094
34303 3.994464874267578
34303 3.9510726928710938
34303 4.985332489013672
34269 5.984067916870117
34269 5.984067916870117
34269 4.987239837646484
34269 4.986047744750977
34253 5.98454475402832
34227 6.017446517944336
34227 3.9904117584228516
34197 2.990245819091797
34197 4.987478256225586
34115 3.9911270141601562
34115 2.9904842376708984
34115 2.9892921447753906
34115 3.951549530029297
34064 4.022836685180664
34058 3.990650177001953
34050 3.991842269897461
34010 3.9865970611572266
33983 3.992795944213867
33983 3.985881805419922
33950 3.9920806884765625
33914 3.986358642578125
33884 3.9877891540527344
33884 3.986835479736328
33884 3.993988037109375
33878 3.992319107055664
33878 3.9844512939453125
33878 3.9908885955810547
33861 3.953695297241211
33852 3.9894580841064453
33829 4.036426544189453
33818 2.991199493408203
33810 3.9920806884765625
33786 3.9861202239990234
33726 4.988670349121094
33726 2.991914749145508
33726 3.99017333984375
33714 3.9887428283691406
33701 3.987550735473633
33701 3.9529800415039062
33685 3.989696502685547
33679 3.9892196655273438
33679 3.9892196655273438
33679 3.9894580841064453
33679 3.9892196655273438
33679 3.9894580841064453
33670 3.988981246948242
33670 3.989696502685547
33670 2.991914749145508
33617 3.9894580841064453
33588 3.9892196655273438
33588 3.9899349212646484
33585 3.9887428283691406
33585 3.9892196655273438
33578 3.9892196655273438
33578 3.9899349212646484
33568 3.988981246948242
33568 3.9892196655273438
33568 4.024744033813477
33552 3.990650177001953
33545 3.9887428283691406
33545 3.9899349212646484
33545 3.989696502685547
33539 3.988981246948242
33510 3.989696502685547
33508 3.9887428283691406
33508 3.99017333984375
33486 3.993511199951172
33486 3.984212875366211
33479 3.9894580841064453
33479 3.9908885955810547
33444 3.9877891540527344
33444 3.988504409790039
33444 3.9904117584228516
33444 3.991365432739258
33444 3.9873123168945312
33425 3.9894580841064453
33425 3.988981246948242
33425 3.988027572631836
33420 3.9904117584228516
33410 3.9887428283691406
33410 3.99017333984375
33410 3.9892196655273438
33390 3.9894580841064453
33390 7.943630218505859
33344 5.983591079711914
33344 4.987001419067383
33324 5.984067916870117
33324 5.983829498291016
33283 4.98652458190918
33273 5.984067916870117
33207 5.984306335449219
33207 5.983829498291016
33207 5.016088485717773
33207 2.993345260620117
33202 2.991199493408203
33202 3.9942264556884766
33147 4.986286163330078
33147 3.9892196655273438
33093 2.991914749145508
33083 3.99017333984375
33083 3.9925575256347656
33057 3.9861202239990234
33050 3.988027572631836
33026 4.951238632202148
33010 3.989696502685547
33010 3.988981246948242
33010 2.991914749145508
33010 2.991914749145508
33010 4.987001419067383
33010 3.9892196655273438
32938 3.9894580841064453
32938 2.991914749145508
32928 3.9892196655273438
32887 3.9894580841064453
32887 3.9892196655273438
32887 3.9894580841064453
32868 3.988981246948242
32808 3.989696502685547
32796 3.9892196655273438
32791 3.9892196655273438
32791 3.9892196655273438
32791 3.9894580841064453
32791 3.9892196655273438
32791 3.9892196655273438
32740 3.989696502685547
32732 4.98652458190918
32727 2.9921531677246094
32705 2.991914749145508
32705 3.9892196655273438
32705 3.9899349212646484
32705 3.9887428283691406
32666 3.9894580841064453
32666 3.9894580841064453
32666 3.988981246948242
32643 3.9894580841064453
32637 3.9892196655273438
32619 7.978916168212891
32579 4.989385604858398
32579 4.98652458190918
32579 3.9882659912109375
32554 4.985332489013672
32535 3.9892196655273438
32532 4.020214080810547
32522 3.9920806884765625
32487 3.991842269897461
32487 3.9949417114257812
32487 3.9832592010498047
32487 4.952430725097656
32487 3.9877891540527344
32487 3.989696502685547
32487 3.994464874267578
32463 3.9904117584228516
32463 3.9832592010498047
32447 4.955053329467773
32429 3.9894580841064453
32429 3.9894580841064453
32429 4.02522087097168
32426 3.99017333984375
32412 3.9892196655273438
32399 3.9894580841064453
32363 3.9844512939453125
32360 2.9897689819335938
32357 3.9916038513183594
32357 3.994464874267578
32330 4.988908767700195
32319 3.985881805419922
32319 3.988504409790039
32319 3.991365432739258
32319 3.9908885955810547
32308 2.9904842376708984
32308 3.954172134399414
32308 3.988981246948242
32308 3.9892196655273438
32308 4.024982452392578
32308 3.9892196655273438
32308 3.989696502685547
32308 3.995656967163086
32308 3.9832592010498047
32308 3.9916038513183594
32250 3.9870738983154297
32239 2.9921531677246094
32220 4.950523376464844
32220 3.9892196655273438
32200 3.9892196655273438
32188 3.9894580841064453
32188 3.9892196655273438
32179 4.024505615234375
32129 3.9899349212646484
32129 3.9916038513183594
32116 3.9877891540527344
32099 3.9916038513183594
32099 3.992795944213867
32099 3.9856433868408203
32099 3.9522647857666016
32081 4.025936126708984
32068 3.987550735473633
32058 3.9916038513183594
32058 3.986358642578125
32058 3.991842269897461
32058 3.988027572631836
32058 3.990650177001953
32011 3.987550735473633
32011 4.950284957885742
32011 2.9921531677246094
32011 3.9892196655273438
31929 3.9894580841064453
31929 5.985260009765625
31929 3.988027572631836
31929 3.9892196655273438
31921 5.018472671508789
31905 3.991365432739258
31905 3.987550735473633
31905 3.9942264556884766
31899 3.988027572631836
31870 4.95147705078125
31870 3.988981246948242
31831 3.989696502685547
31784 3.9892196655273438
31784 4.986763000488281
31738 2.9914379119873047
31690 2.9914379119873047
31671 3.989696502685547
31614 3.9892196655273438
31614 3.9892196655273438
31614 3.9894580841064453
31614 3.9892196655273438
31596 3.9894580841064453
31595 3.9892196655273438
31595 3.9894580841064453
31595 3.9892196655273438
31579 3.989696502685547
31564 3.988981246948242
31563 3.9892196655273438
31490 3.9894580841064453
31490 4.986763000488281
31490 2.991914749145508
31473 3.9894580841064453
31473 3.9894580841064453
31473 3.989696502685547
31461 3.9887428283691406
31430 3.9892196655273438
31411 3.9894580841064453
31411 5.02324104309082
31411 3.994464874267578
31409 6.9408416748046875
31395 4.986047744750977
31385 3.026247024536133
31385 3.9861202239990234
31385 3.995180130004883
31385 3.9882659912109375
31378 3.9911270141601562
31378 3.986835479736328
31378 3.9916038513183594
31372 3.9870738983154297
31372 3.9887428283691406
31372 3.99017333984375
31372 3.987550735473633
31343 3.990650177001953
31343 4.987001419067383
31343 3.9892196655273438
31343 2.9938220977783203
31331 3.990650177001953
31323 4.947662353515625
31323 3.9892196655273438
31323 2.9921531677246094
31314 2.991914749145508
31314 3.9892196655273438
31275 3.989696502685547
31275 3.988981246948242
31238 3.9894580841064453
31238 3.9894580841064453
31238 4.986286163330078
31238 3.9894580841064453
31236 3.9892196655273438
31236 3.989696502685547
31236 3.9894580841064453
31183 3.988981246948242
31183 2.9921531677246094
31183 2.9916763305664062
31178 3.9894580841064453
31178 2.9916763305664062
31147 3.9892196655273438
31147 3.9894580841064453
31147 4.98652458190918
31142 3.9894580841064453
31121 3.9894580841064453
31121 3.988981246948242
31121 3.989696502685547
31088 3.9892196655273438
31087 3.9892196655273438
31087 3.9894580841064453
31081 4.988431930541992
31080 4.986286163330078
31071 4.986763000488281
31029 6.981611251831055
30982 4.986286163330078
30982 5.984306335449219
30982 6.020784378051758
30978 3.9877891540527344
30978 3.9865970611572266
30971 3.991365432739258
30971 3.995180130004883
30971 3.9827823638916016
30971 3.988504409790039
30971 3.9916038513183594
30971 3.986835479736328
30971 3.9916038513183594
30937 3.9882659912109375
30932 3.990650177001953
30922 3.9911270141601562
30922 3.9882659912109375
30915 3.9873123168945312
30908 3.991365432739258
30877 3.9899349212646484
30877 3.988027572631836
30877 3.9899349212646484
30877 3.9873123168945312
30877 3.9920806884765625
30877 3.9865970611572266
30863 3.992319107055664
30855 3.985881805419922
30844 3.991842269897461
30841 3.9887428283691406
30841 3.99017333984375
30841 2.9904842376708984
30833 3.993511199951172
30816 4.946470260620117
30815 3.988981246948242
30773 3.988981246948242
30773 3.9892196655273438
30773 3.9899349212646484
30773 3.988981246948242
30773 3.9892196655273438
30747 2.9921531677246094
30732 2.991914749145508
30732 3.9892196655273438
30729 3.988981246948242
30725 2.9921531677246094
30722 3.9892196655273438
30680 3.989696502685547
30680 4.98652458190918
30662 3.9892196655273438
30652 3.9892196655273438
30652 3.989696502685547
30645 3.9892196655273438
30603 3.989696502685547
30593 3.988981246948242
30593 3.989696502685547
30593 3.9887428283691406
30577 3.9894580841064453
30577 3.989696502685547
30577 3.9894580841064453
30577 3.988981246948242
30577 3.9894580841064453
30577 3.988981246948242
30577 3.989696502685547
30577 3.988981246948242
30577 3.9892196655273438
30577 2.9921531677246094
30577 2.9916763305664062
30577 4.986763000488281
30577 2.9921531677246094
30573 5.02467155456543
30558 3.9894580841064453
30558 3.989696502685547
30540 3.9975643157958984
30532 3.9777755737304688
30529 3.988504409790039
30522 3.991365432739258
30510 3.990650177001953
30510 3.9882659912109375
30510 3.990650177001953
30510 3.9870738983154297
30510 3.992319107055664
30510 3.986358642578125
30497 3.9916038513183594
30431 3.9947032928466797
30429 3.983736038208008
30429 3.987550735473633
30407 3.9916038513183594
30407 2.990245819091797
30396 3.9925575256347656
30396 2.9897689819335938
30396 3.9882659912109375
30396 3.9904117584228516
30396 4.98652458190918
30396 3.954648971557617
30396 3.9892196655273438
30396 3.9894580841064453
30385 8.974790573120117
30341 9.973526000976562
30341 6.981611251831055
30341 6.980419158935547
30341 6.982326507568359
30315 5.982875823974609
30315 6.982564926147461
30315 5.982637405395508
30293 5.0182342529296875
30293 3.9899349212646484
30277 6.983757019042969
30268 3.985881805419922
30268 3.9930343627929688
30268 4.95147705078125
30249 3.99017333984375
30249 2.991914749145508
30249 3.9892196655273438
30249 9.973287582397461
30249 3.9899349212646484
30249 5.984306335449219
30242 5.984306335449219
30234 5.983829498291016
30234 4.985332489013672
30234 3.9892196655273438
30228 4.988193511962891
30224 4.987001419067383
30224 3.988504409790039
30213 4.987001419067383
30208 3.988981246948242
30199 5.985736846923828
30199 3.9887428283691406
30199 6.982326507568359
30199 3.986835479736328
30133 3.9894580841064453
30127 5.015373229980469
30127 4.958629608154297
30127 3.988504409790039
30127 3.9899349212646484
30127 3.988981246948242
30127 4.98652458190918
30127 3.9899349212646484
30114 3.9887428283691406
30092 3.99017333984375
30084 6.01649284362793
30076 3.9873123168945312
30060 3.9870738983154297
30060 3.9916038513183594
30044 4.955291748046875
30044 5.985260009765625
30044 4.985570907592773
30018 4.988670349121094
29970 5.983829498291016
29970 5.9833526611328125
29959 9.013891220092773
29942 4.949092864990234
29913 7.978677749633789
29913 3.987550735473633
29913 3.9894580841064453
29913 3.9894580841064453
29896 7.012605667114258
29870 3.958463668823242
29850 3.9887428283691406
29841 5.985260009765625
29815 5.016803741455078
29810 3.991842269897461
29752 4.954814910888672
29734 5.016088485717773
29709 3.988981246948242
29709 3.9908885955810547
29709 5.9528350830078125
29697 3.9877891540527344
29697 3.9892196655273438
29666 4.987001419067383
29666 6.981849670410156
29666 4.987955093383789
29662 6.984472274780273
29662 5.980253219604492
29660 6.981134414672852
29636 5.983114242553711
29634 3.988981246948242
29620 3.9892196655273438
29612 3.9892196655273438
29579 6.983280181884766
29579 5.013704299926758
29569 3.9930343627929688
29556 5.983591079711914
29530 3.9887428283691406
29523 3.988981246948242
29473 3.9968490600585938
29473 5.947113037109375
29473 4.986286163330078
29473 6.981134414672852
29473 3.9899349212646484
29464 5.98454475402832
29463 6.98089599609375
29463 4.98652458190918
29463 5.984067916870117
29463 6.981611251831055
29463 4.986763000488281
29463 5.983591079711914
29448 5.018949508666992
29448 3.986835479736328
29448 3.9911270141601562
29400 4.955291748046875
29400 4.98509407043457
29391 3.9892196655273438
29391 3.9894580841064453
29391 5.985498428344727
29359 4.98652458190918
29359 6.981372833251953
29359 6.981611251831055
29349 4.98652458190918
29349 7.012128829956055
29349 3.991365432739258
29349 3.9861202239990234
29349 3.9947032928466797
29345 4.982233047485352
29345 2.998828887939453
29345 3.9854049682617188
29334 3.993511199951172
29333 5.948066711425781
29333 3.9892196655273438
29333 3.9892196655273438
29333 3.9894580841064453
29327 5.017995834350586
29327 3.989696502685547
29306 3.9970874786376953
29306 3.9854049682617188
29306 4.98199462890625
29281 3.9894580841064453
29281 3.9949417114257812
29281 3.99017333984375
29281 5.948066711425781
29281 4.986286163330078
29281 5.983591079711914
29281 3.988027572631836
29278 3.9892196655273438
29278 3.9894580841064453
29278 4.9896240234375
29278 4.983663558959961
29278 3.9892196655273438
29276 3.9892196655273438
29276 4.987478256225586
29276 3.9887428283691406
29272 3.9892196655273438
29272 3.9892196655273438
29272 4.987001419067383
29272 3.9892196655273438
29272 3.9892196655273438
29272 4.025936126708984
29268 4.976511001586914
29268 2.9909610748291016
29262 2.992391586303711
29262 2.989053726196289
29262 5.957126617431641
29262 3.9892196655273438
29262 4.027366638183594
29262 3.9513111114501953
29262 5.985260009765625
29262 5.984067916870117
29262 6.982326507568359
29262 5.983114242553711
29213 5.983829498291016
29213 6.981849670410156
29213 5.983591079711914
29212 5.984306335449219
29212 5.016088485717773
29204 3.989696502685547
29204 3.9942264556884766
29204 4.951953887939453
29183 4.984855651855469
29176 3.9894580841064453
29176 3.9892196655273438
29176 4.988193511962891
29170 2.9916763305664062
29170 3.9899349212646484
29170 3.996610641479492
29144 5.976676940917969
29144 3.985881805419922
29144 8.94784927368164
29144 6.015539169311523
29115 3.9932727813720703
29115 3.9849281311035156
29115 7.004261016845703
29113 3.966093063354492
29113 3.9899349212646484
29100 3.992319107055664
29100 6.947517395019531
29100 5.98454475402832
29063 6.979703903198242
29063 3.9892196655273438
29063 3.9894580841064453
29060 3.9892196655273438
28975 4.987955093383789
28929 6.981372833251953
28929 4.98652458190918
28929 6.981372833251953
28929 6.982088088989258
28922 5.983591079711914
28920 4.98652458190918
28898 4.985809326171875
28898 6.981372833251953
28894 4.985570907592773
28894 4.987955093383789
28885 5.986452102661133
28867 6.978750228881836
28857 4.98652458190918
28853 7.978916168212891
28853 4.986763000488281
28840 4.986286163330078
28840 7.981777191162109
28840 4.986047744750977
28790 6.01959228515625
28790 2.9914379119873047
28790 3.9930343627929688
28790 2.9959678649902344
28720 3.9527416229248047
28720 3.9892196655273438
28719 3.9894580841064453
28719 3.9894580841064453
28719 5.017518997192383
28718 3.989696502685547
28623 4.011392593383789
28595 3.971576690673828
28595 3.9920806884765625
28595 3.9887428283691406
28570 3.951549530029297
28570 3.988981246948242
28551 4.987001419067383
28551 3.988981246948242
28551 2.9921531677246094
28551 3.9894580841064453
28551 4.988431930541992
28551 5.983829498291016
28551 4.98652458190918
28551 5.984067916870117
28546 5.983829498291016
28546 4.987001419067383
28539 5.9833526611328125
28539 5.984306335449219
28539 4.98652458190918
28490 6.018400192260742
28450 3.9920806884765625
28444 3.9882659912109375
28436 3.9937496185302734
28429 3.983736038208008
28416 4.985809326171875
28393 3.989696502685547
28388 5.984783172607422
28381 5.948781967163086
28368 5.984306335449219
28368 5.984067916870117
28340 5.983591079711914
28340 5.984067916870117
28340 4.987001419067383
28340 5.983591079711914
28340 6.981372833251953
28302 5.984067916870117
28302 5.983829498291016
28302 4.986763000488281
28302 4.986763000488281
28302 5.984067916870117
28279 4.986763000488281
28276 5.984306335449219
28249 5.9833526611328125
28249 5.984306335449219
28249 4.98652458190918
28249 5.983829498291016
28249 5.984067916870117
28223 5.984067916870117
28198 5.984067916870117
28198 5.9833526611328125
28186 4.028081893920898
28178 3.985881805419922
28178 3.9930343627929688
28169 3.9849281311035156
28169 3.989696502685547
28169 3.988981246948242
28169 3.9892196655273438
28138 3.9899349212646484
28107 3.9887428283691406
28107 3.9892196655273438
28087 3.9963722229003906
28087 3.9908885955810547
28087 3.9844512939453125
28087 3.985881805419922
28080 3.996610641479492
28068 3.982067108154297
28068 3.989696502685547
28068 3.993511199951172
28068 3.9844512939453125
28068 3.9899349212646484
28068 3.9544105529785156
28068 4.02522087097168
28060 3.9887428283691406
28060 3.9887428283691406
28045 3.993511199951172
28045 3.9854049682617188
28036 3.9894580841064453
28036 3.9887428283691406
27992 3.990650177001953
27992 3.988504409790039
27991 3.9892196655273438
27991 3.9899349212646484
27991 3.988981246948242
27990 3.9892196655273438
27982 3.9937496185302734
27961 3.987550735473633
27959 3.9861202239990234
27959 3.9899349212646484
27959 3.9892196655273438
27959 3.9894580841064453
27959 3.9894580841064453
27935 3.955364227294922
27914 5.983114242553711
27908 4.986763000488281
27908 6.981611251831055
27908 4.986286163330078
27908 6.981372833251953
27908 4.98652458190918
27908 5.984306335449219
27908 6.981134414672852
27908 4.986763000488281
27906 5.983829498291016
27906 4.986763000488281
27838 6.981372833251953
27762 4.98652458190918
27762 5.984067916870117
27726 4.98652458190918
27706 5.984067916870117
27706 4.98652458190918
27706 6.981372833251953
27706 4.986763000488281
27706 4.98652458190918
27698 6.0138702392578125
27687 3.993988037109375
27687 3.984689712524414
27687 3.9589405059814453
27680 4.021167755126953
27671 3.992795944213867
27651 3.9894580841064453
27651 3.9894580841064453
27651 7.942438125610352
27638 3.988981246948242
27638 3.9894580841064453
27638 5.01561164855957
27638 2.989530563354492
27638 2.995729446411133
27577 3.9899349212646484
27565 4.987001419067383
27481 3.988504409790039
27458 3.99017333984375
27458 3.9904117584228516
27458 3.9882659912109375
27443 3.9887428283691406
27443 3.99017333984375
27443 2.9897689819335938
27443 3.9899349212646484
27411 3.9887428283691406
27402 3.9899349212646484
27402 4.950046539306641
27402 3.9892196655273438
27383 3.9892196655273438
27358 3.9894580841064453
27358 3.9894580841064453
27355 3.9894580841064453
27355 3.9892196655273438
27330 3.9892196655273438
27330 3.989696502685547
27300 4.9877166748046875
27295 5.983114242553711
27295 5.98454475402832
27295 4.985332489013672
27295 3.9894580841064453
27280 5.985260009765625
27280 6.0138702392578125
27280 3.988027572631836
27280 3.9916038513183594
27280 3.986358642578125
27238 4.992008209228516
27238 3.986358642578125
27219 2.9935836791992188
27219 4.987955093383789
27219 4.952669143676758
