595477 3250.34236907959
595477 77.82959938049316
595477 81.817626953125
595475 98.73485565185547
595475 79.78582382202148
595473 87.77236938476562
595471 79.7872543334961
595429 89.75815773010254
595429 92.75507926940918
595397 92.75245666503906
595391 77.79860496520996
595388 80.78193664550781
595381 112.69736289978027
595381 110.7020378112793
595378 92.74530410766602
595375 84.77473258972168
595375 88.76252174377441
595375 91.78519248962402
595372 79.75292205810547
595356 86.77482604980469
595356 79.82039451599121
595309 79.75983619689941
595309 81.78162574768066
595282 87.73398399353027
595282 81.78114891052246
595236 86.73501014709473
595230 79.78630065917969
595230 79.78701591491699
595212 82.7779769897461
595212 79.82254028320312
595212 80.75284957885742
595211 80.78384399414062
595208 82.7798843383789
595205 85.7686996459961
595205 77.79240608215332
595181 88.79232406616211
595162 88.74273300170898
595155 82.78036117553711
595155 78.78613471984863
595130 85.7698917388916
595087 78.78971099853516
595054 78.75776290893555
595054 78.83000373840332
594981 82.7479362487793
594981 86.73954010009766
594955 79.81991767883301
594946 78.80687713623047
594941 82.74555206298828
594852 82.77654647827148
594852 85.7398509979248
594835 89.75911140441895
594771 86.79795265197754
594771 82.7484130859375
594759 126.66034698486328
594719 99.73287582397461
594718 106.71377182006836
594713 116.65773391723633
594693 91.75419807434082
594669 85.7706069946289
594669 135.6360912322998
594667 116.68896675109863
594642 102.75101661682129
594642 87.76521682739258
594632 95.74532508850098
594632 82.7779769897461
594554 83.74547958374023
594553 81.77971839904785
594553 85.7381820678711
594553 84.74397659301758
594553 93.75619888305664
594553 88.76252174377441
594553 84.77449417114258
594552 79.78653907775879
594552 86.76934242248535
594546 93.74880790710449
594546 78.75800132751465
594484 90.75593948364258
594484 78.82523536682129
594484 87.73541450500488
594484 87.76068687438965
594423 85.77108383178711
594423 95.70980072021484
594396 80.78503608703613
594396 187.4980926513672
594396 78.75680923461914
594346 78.75680923461914
594318 84.7468376159668
594318 86.76791191101074
594318 82.7779769897461
594277 79.78558540344238
594252 78.75323295593262
594252 80.7802677154541
594252 79.74934577941895
594252 82.78250694274902
594231 82.77726173400879
594196 80.75213432312012
594196 78.82070541381836
594168 93.7502384185791
594167 87.76378631591797
594132 79.75530624389648
594132 82.8096866607666
594118 78.78232002258301
594053 77.79192924499512
594046 79.75339889526367
594046 91.72248840332031
594036 81.77781105041504
594034 94.74635124206543
594024 83.7409496307373
594024 96.73953056335449
594024 78.75633239746094
594010 78.75370979309082
593971 88.81330490112305
593971 84.77401733398438
593946 88.76514434814453
593927 79.81634140014648
593927 94.71654891967773
593915 91.75419807434082
593913 96.7414379119873
593884 91.78423881530762
593884 78.75823974609375
593884 77.7583122253418
593884 82.74435997009277
593884 77.82697677612305
593869 96.7109203338623
593858 95.77345848083496
593858 88.73271942138672
593815 93.74833106994629
593815 96.77815437316895
593808 79.75554466247559
593796 79.78534698486328
593753 85.77132225036621
593705 86.79771423339844
593665 78.79519462585449
593653 78.75800132751465
593653 77.8200626373291
593596 79.78367805480957
593596 80.75213432312012
593585 84.74159240722656
593585 78.75990867614746
593559 82.74626731872559
593545 82.7786922454834
593545 80.82032203674316
593545 79.75339889526367
593512 79.81681823730469
593512 81.74967765808105
593506 80.78241348266602
593506 83.80770683288574
593506 88.77229690551758
593493 80.75189590454102
593492 85.80183982849121
593492 79.75387573242188
593439 91.71938896179199
593404 78.81832122802734
593388 88.72461318969727
593388 79.8039436340332
593388 81.75182342529297
593388 94.78259086608887
593360 83.73665809631348
593323 77.82959938049316
593277 78.75704765319824
593260 96.7414379119873
593233 83.77456665039062
593233 98.73652458190918
593233 94.74563598632812
593233 81.82001113891602
593233 92.72050857543945
593193 80.78312873840332
593147 83.77504348754883
593136 78.78947257995605
593125 79.78582382202148
593125 82.74650573730469
593114 78.82142066955566
593108 84.80286598205566
593099 96.7097282409668
593071 86.76934242248535
593071 94.74396705627441
593071 80.78241348266602
593026 79.78630065917969
593013 78.78851890563965
593011 90.79217910766602
592997 77.82745361328125
592997 79.75482940673828
592997 80.81293106079102
592997 95.71003913879395
592984 80.81364631652832
592984 79.78272438049316
592984 191.45750999450684
592984 79.75482940673828
592976 82.81350135803223
592968 102.72431373596191
592951 90.75284004211426
592942 91.75395965576172
592932 87.73541450500488
592874 81.81548118591309
592874 78.78875732421875
592874 86.73882484436035
592856 94.78044509887695
592810 100.76093673706055
592773 79.78630065917969
592746 80.75332641601562
592746 79.79106903076172
592746 79.7586441040039
592720 79.75530624389648
592698 100.70300102233887
592698 101.7298698425293
592660 99.7319221496582
592651 80.78455924987793
592651 78.79042625427246
592606 81.75110816955566
592606 100.69823265075684
592606 82.77750015258789
592603 78.76229286193848
592603 80.78336715698242
592603 77.8188705444336
592558 92.75078773498535
592558 77.82483100891113
592527 80.78598976135254
592521 87.73565292358398
592504 78.79042625427246
592504 80.7802677154541
592495 89.72835540771484
592460 83.77385139465332
592439 79.78463172912598
592388 79.7872543334961
592334 97.77975082397461
592334 79.75602149963379
592334 78.78732681274414
592334 80.78622817993164
592322 81.74371719360352
592322 89.72859382629395
592322 79.78701591491699
592322 79.7886848449707
592322 77.79812812805176
592288 85.7703685760498
592241 78.78994941711426
592241 91.72511100769043
592176 96.73762321472168
592176 79.78582382202148
592176 95.7481861114502
592147 89.75934982299805
592147 90.75593948364258
592086 115.69571495056152
592058 114.69435691833496
592058 112.69688606262207
592058 96.710205078125
592006 90.75427055358887
591958 86.76695823669434
591947 94.71678733825684
591930 126.6629695892334
591914 103.72304916381836
591914 100.73018074035645
591894 119.67849731445312
591852 353.06501388549805
591852 130.64908981323242
591848 106.70685768127441
591792 104.71987724304199
591792 105.68761825561523
591768 101.72772407531738
591746 84.80286598205566
591746 79.75459098815918
591735 100.69870948791504
591724 81.78067207336426
591724 80.78312873840332
591724 78.7668228149414
591708 78.8116455078125
591695 81.74800872802734
591695 80.7807445526123
591666 80.81436157226562
591659 80.75118064880371
591659 94.74682807922363
591659 94.71249580383301
591659 98.73414039611816
591650 93.74761581420898
591595 104.68840599060059
591595 107.7420711517334
591576 199.43618774414062
591558 322.13902473449707
591533 96.7409610748291
591533 199.46742057800293
591514 152.57644653320312
591514 113.6925220489502
591514 101.72557830810547
591514 97.7029800415039
591514 96.73953056335449
591514 89.73097801208496
591514 90.72542190551758
591465 92.75031089782715
591457 95.71123123168945
591457 117.68770217895508
591442 263.29541206359863
591387 88.76228332519531
591311 89.72764015197754
591311 86.76648139953613
591311 99.7321605682373
591310 113.69490623474121
591310 112.69879341125488
591310 86.76719665527344
591310 99.70426559448242
591290 83.77552032470703
591290 98.73485565185547
591288 93.77622604370117
591284 95.74460983276367
591284 87.76378631591797
591277 82.80611038208008
591277 87.73446083068848
591277 101.72128677368164
591277 87.76235580444336
591275 96.74191474914551
591275 86.76934242248535
591275 89.72811698913574
591275 95.74413299560547
591247 83.74428749084473
591247 81.78162574768066
591179 96.7397689819336
591169 86.76743507385254
591169 93.78290176391602
591151 80.75380325317383
591089 86.76743507385254
591003 91.72344207763672
591003 84.78617668151855
591003 81.77900314331055
590992 83.74547958374023
590974 89.7824764251709
590921 92.75150299072266
590911 90.75713157653809
590911 93.7490463256836
590911 92.7879810333252
590898 90.70205688476562
590898 95.74460983276367
590898 101.72128677368164
590847 121.6738224029541
590847 109.70616340637207
590788 113.6939525604248
590788 113.65842819213867
590779 103.75475883483887
590754 101.69649124145508
590754 84.76877212524414
590754 89.79034423828125
590734 118.6513900756836
590734 117.68603324890137
590706 119.67754364013672
590706 112.69593238830566
590706 99.6999740600586
590706 115.692138671875
590700 118.6826229095459
590700 112.69927024841309
590684 112.69712448120117
590680 113.6927604675293
590680 112.66827583312988
590679 121.6731071472168
590679 126.66082382202148
590632 129.65106964111328
590600 106.68373107910156
590590 102.67806053161621
590577 107.67984390258789
590572 107.70940780639648
590572 99.65634346008301
590572 96.74239158630371
590534 91.7210578918457
590522 95.74222564697266
590522 96.70543670654297
590522 96.7402458190918
590514 106.71377182006836
590514 88.79303932189941
590468 85.7388973236084
590451 83.81462097167969
590451 90.71874618530273
590451 87.76497840881348
590419 81.78091049194336
590397 89.74599838256836
590387 89.73026275634766
590331 86.76671981811523
590290 91.72463417053223
590290 86.76648139953613
590290 83.74810218811035
590290 236.33408546447754
590290 95.77322006225586
590290 119.65465545654297
590290 94.71416473388672
590290 97.73755073547363
590290 91.75372123718262
590290 93.71542930603027
590271 96.70758247375488
590271 91.72654151916504
590255 97.71013259887695
590173 93.78457069396973
590160 97.73421287536621
590149 92.72384643554688
590134 91.72487258911133
590120 88.79351615905762
590120 85.7384204864502
590120 94.74754333496094
590115 197.50142097473145
590115 94.71535682678223
590115 85.7703685760498
590115 85.76035499572754
590105 84.77306365966797
590082 79.75387573242188
590082 98.73628616333008
590082 80.78312873840332
590082 80.78336715698242
590053 78.78828048706055
590022 94.74778175354004
589966 84.77306365966797
589966 85.7391357421875
589932 80.78169822692871
589929 90.75474739074707
589907 88.76204490661621
589907 84.77163314819336
589906 81.75110816955566
589906 98.73390197753906
589857 92.75007247924805
589833 79.78582382202148
589833 79.82015609741211
589745 98.70576858520508
589733 78.7498950958252
589729 83.78005027770996
589695 79.75554466247559
589689 79.75411415100098
589689 80.75404167175293
589689 79.75625991821289
589689 104.7208309173584
589689 89.78962898254395
589689 84.78021621704102
589684 78.78923416137695
589684 90.72327613830566
589666 79.75506782531738
589666 99.7319221496582
589660 88.76228332519531
589660 108.71219635009766
589660 87.72945404052734
589660 92.75007247924805
589660 87.75949478149414
589618 81.78114891052246
589618 79.78630065917969
589601 79.8180103302002
589568 78.78589630126953
589568 94.71416473388672
589545 88.73152732849121
589477 83.74309539794922
589477 94.71249580383301
589429 87.73398399353027
589429 98.73461723327637
589429 97.70679473876953
589406 80.78360557556152
589406 78.78756523132324
589406 79.78558540344238
589338 80.75380325317383
589338 77.79431343078613
589335 78.75704765319824
589322 83.77647399902344
589322 84.80310440063477
589322 82.75079727172852
589256 80.75213432312012
589247 79.78558540344238
589226 78.78804206848145
589226 116.67370796203613
589226 131.64758682250977
589188 148.60224723815918
589187 166.55445098876953
589179 106.71472549438477
589166 81.78138732910156
589160 101.75418853759766
589160 99.7016429901123
589143 96.73905372619629
589143 87.79597282409668
589136 93.74761581420898
589122 79.74982261657715
589107 78.75823974609375
589068 83.74333381652832
589062 93.75524520874023
589062 86.73596382141113
589059 98.73437881469727
589059 78.75466346740723
589051 78.78851890563965
589051 79.78558540344238
589032 107.7115535736084
589032 99.76625442504883
588965 79.75196838378906
588965 89.76078033447266
588957 86.73596382141113
588921 89.79487419128418
588912 104.68792915344238
588912 90.76499938964844
588880 79.74934577941895
588799 78.78828048706055
588799 78.81951332092285
588755 100.69656372070312
588750 79.78653907775879
588739 78.75704765319824
588737 78.78923416137695
588737 78.79066467285156
588706 80.75690269470215
588706 79.78558540344238
588706 79.82039451599121
588674 192.45266914367676
588674 79.75459098815918
588618 99.73287582397461
588618 83.77575874328613
588618 130.6166648864746
588618 125.63395500183105
588618 246.37317657470703
588618 104.71987724304199
588618 92.71693229675293
588605 86.73572540283203
588605 86.76743507385254
588605 88.75846862792969
588596 95.74413299560547
588596 99.7004508972168
588562 83.77575874328613
588562 95.7479476928711
588562 93.71757507324219
588562 94.74730491638184
588559 89.79082107543945
588559 88.73319625854492
588559 85.7384204864502
588533 95.74294090270996
588533 89.76006507873535
588533 102.72645950317383
588525 91.78519248962402
588521 204.4215202331543
588520 115.6914234161377
588511 101.72629356384277
588511 97.73683547973633
588477 93.7192440032959
588477 94.71464157104492
588477 120.64695358276367
588477 87.76330947875977
588464 227.39076614379883
588447 117.68460273742676
588423 105.71646690368652
588423 82.77773857116699
588417 93.75143051147461
588417 99.7309684753418
588417 82.74722099304199
588386 92.75221824645996
588386 86.76791191101074
588351 86.76671981811523
588351 105.74173927307129
588316 88.76156806945801
588298 93.77884864807129
588255 82.75151252746582
588255 90.75736999511719
588253 94.74492073059082
588253 92.71883964538574
588253 81.78114891052246
588253 104.68649864196777
588251 77.7900218963623
588213 79.78582382202148
588193 90.75713157653809
588177 93.75119209289551
588177 98.70505332946777
588177 88.79685401916504
588123 78.78637313842773
588112 79.75316047668457
588101 80.78408241271973
588101 80.78169822692871
588101 87.76140213012695
588101 84.77306365966797
588101 98.70433807373047
588101 83.74452590942383
588101 78.82356643676758
588090 80.78241348266602
588090 80.78646659851074
588061 84.74230766296387
588045 78.75704765319824
588045 79.75459098815918
588038 80.78169822692871
588038 78.75609397888184
588020 80.75213432312012
588006 106.71591758728027
588006 205.45291900634766
587999 103.72233390808105
587990 104.7513484954834
587966 105.71646690368652
587966 124.6638298034668
587966 127.65932083129883
587939 121.67549133300781
587939 113.69538307189941
587939 167.52123832702637
587939 181.51283264160156
587930 229.32767868041992
587930 85.7996940612793
587930 82.74388313293457
587930 99.73478317260742
587930 91.77947044372559
587930 78.75895500183105
587929 78.76348495483398
587929 100.70085525512695
587929 104.71963882446289
587906 103.7299633026123
587893 85.7391357421875
587893 82.8101634979248
587887 81.7415714263916
587863 78.78971099853516
587843 94.74802017211914
587774 79.7569751739502
587761 81.75063133239746
587761 201.45916938781738
587761 81.78305625915527
587761 80.78217506408691
587761 78.75680923461914
587761 81.74848556518555
587718 80.78408241271973
587718 79.75363731384277
587711 90.75736999511719
587711 102.72502899169922
587711 101.72772407531738
587708 91.78423881530762
587708 83.74452590942383
587701 134.60636138916016
587701 110.7029914855957
587701 109.70640182495117
587701 80.78360557556152
587701 86.77101135253906
587696 88.7596607208252
587668 94.71416473388672
587650 95.77775001525879
587644 86.73572540283203
587639 78.75990867614746
587630 80.7497501373291
587630 79.75220680236816
587622 83.77766609191895
587607 79.78487014770508
587570 78.79209518432617
587570 79.75506782531738
587565 79.78606224060059
587505 88.76991271972656
587494 96.71139717102051
587487 107.70964622497559
587464 87.76545524597168
587453 100.73137283325195
587453 80.78336715698242
587416 91.72439575195312
587416 106.73952102661133
587416 78.75895500183105
587416 81.74896240234375
587416 80.78622817993164
587416 91.75562858581543
587416 105.71122169494629
587416 81.81142807006836
587404 78.79185676574707
587404 87.76521682739258
587404 81.74991607666016
587394 80.79004287719727
587377 99.70378875732422
587377 86.76624298095703
587377 209.4402313232422
587377 85.7691764831543
587349 80.78789710998535
587307 106.74500465393066
587307 82.78489112854004
587300 80.78312873840332
587300 92.72265434265137
587285 101.72581672668457
587285 79.75578308105469
587267 79.75411415100098
587212 99.70331192016602
587162 86.76910400390625
587143 86.75956726074219
587143 104.71868515014648
587132 80.75165748596191
587094 78.79233360290527
587043 80.78169822692871
587009 79.78606224060059
587009 78.82332801818848
587003 93.71209144592285
586989 78.78351211547852
586937 93.72401237487793
586937 85.80613136291504
586895 79.78582382202148
586868 85.73794364929199
586868 92.72456169128418
586868 86.76695823669434
586839 79.75435256958008
586839 78.75657081604004
586802 79.8192024230957
586789 87.73374557495117
586781 107.67889022827148
586758 102.68568992614746
586758 93.7490463256836
586757 98.73509407043457
586757 80.78241348266602
586749 79.78534698486328
586712 91.72272682189941
586712 95.77369689941406
586700 80.75404167175293
586678 78.7820816040039
586678 78.77063751220703
586672 78.75990867614746
586672 84.74206924438477
586621 81.77971839904785
586621 91.75562858581543
586612 94.74444389343262
586603 78.78971099853516
586569 79.75459098815918
586567 131.64710998535156
586555 87.77022361755371
586481 100.72946548461914
586422 91.75252914428711
586415 79.78582382202148
586415 194.443941116333
586373 79.81705665588379
586373 78.78637313842773
586349 98.73723983764648
586349 85.7996940612793
586349 78.79209518432617
586349 79.78606224060059
586347 89.72740173339844
586347 78.78804206848145
586323 78.75752449035645
586299 78.78828048706055
586299 79.78677749633789
586299 102.72502899169922
586299 80.78241348266602
586299 100.69990158081055
586299 81.78091049194336
586299 83.77528190612793
586270 93.7192440032959
586264 93.75476837158203
586245 86.79723739624023
586245 88.73200416564941
586245 108.70933532714844
586231 102.72645950317383
586231 102.72407531738281
586223 80.75165748596191
586223 77.79622077941895
586223 91.75491333007812
586221 88.76323699951172
586196 78.75728607177734
586183 83.77480506896973
586169 102.72336006164551
586167 77.79145240783691
586167 81.78067207336426
586167 94.74587440490723
586138 79.75554466247559
586134 78.82332801818848
586127 79.75459098815918
586115 81.7558765411377
586115 86.72690391540527
586115 78.78732681274414
586115 123.70014190673828
586104 80.75189590454102
586068 78.78899574279785
586068 78.81784439086914
586046 80.75308799743652
585976 78.79447937011719
585937 79.78415489196777
585937 77.7902603149414
585937 79.78510856628418
585916 79.75101470947266
585916 83.77695083618164
585916 101.72772407531738
585916 92.75221824645996
585916 102.68902778625488
585916 82.81230926513672
585916 82.7476978302002
585912 91.72391891479492
585884 94.74587440490723
585884 79.78248596191406
585857 96.70591354370117
585839 92.75102615356445
585839 78.82404327392578
585839 79.79035377502441
585839 94.74468231201172
585826 86.76791191101074
585826 93.719482421875
585790 81.77852630615234
585786 78.78398895263672
585771 79.78534698486328
585752 86.76838874816895
585733 84.74302291870117
585723 92.72336959838867
585723 82.74173736572266
585723 78.82547378540039
585717 81.74562454223633
585717 79.78510856628418
585717 79.78653907775879
585686 78.81546020507812
585667 84.76686477661133
585667 79.79106903076172
585655 78.78899574279785
585655 78.8261890411377
585655 97.71013259887695
585617 84.77354049682617
585608 88.79756927490234
585608 80.75380325317383
585598 80.78503608703613
585566 94.71392631530762
585566 78.78828048706055
585566 93.72687339782715
585552 88.79208564758301
585552 80.75141906738281
585552 79.74934577941895
585552 80.81507682800293
585552 89.72859382629395
585552 94.74825859069824
585538 84.77258682250977
585515 78.75680923461914
585515 87.76569366455078
585515 78.75704765319824
585509 79.78558540344238
585509 86.76886558532715
585501 103.72138023376465
585497 197.50118255615234
585497 79.78677749633789
585497 87.73398399353027
585497 90.75593948364258
585497 79.75506782531738
585448 80.78289031982422
585436 104.6905517578125
585436 96.7702865600586
585435 80.79195022583008
585435 79.75530624389648
585396 78.78994941711426
585393 78.75752449035645
585381 80.75261116027832
585338 84.77139472961426
585338 78.79042625427246
585277 91.7198657989502
585277 98.73437881469727
585277 79.78534698486328
585253 77.79073715209961
585245 79.78606224060059
585245 79.78582382202148
585213 78.81760597229004
585185 79.75554466247559
585183 83.74476432800293
585183 84.80215072631836
585157 82.74698257446289
585157 78.79304885864258
585157 78.78851890563965
585157 80.7497501373291
585126 80.74378967285156
585126 94.71440315246582
585126 78.7959098815918
585123 79.72860336303711
585123 79.81395721435547
585048 79.75530624389648
584994 80.81889152526855
584975 79.75316047668457
584973 79.81681823730469
584973 77.7592658996582
584958 93.74713897705078
584958 85.7400894165039
584946 90.75498580932617
584946 78.79114151000977
584946 77.79359817504883
584932 78.78923416137695
584932 79.76198196411133
584932 103.75189781188965
584877 78.75466346740723
584877 78.77802848815918
584850 79.7579288482666
584850 88.79780769348145
584825 79.7572135925293
584825 85.77132225036621
584807 112.69640922546387
584788 90.75760841369629
584788 80.78837394714355
584781 81.78114891052246
584771 85.73269844055176
584720 80.75308799743652
584720 78.75776290893555
584720 101.69696807861328
584714 106.71401023864746
584698 83.77480506896973
584695 90.75713157653809
584695 105.71789741516113
584654 82.7784538269043
584603 91.75276756286621
584587 79.81610298156738
584587 83.74357223510742
584587 82.74459838867188
584515 104.74848747253418
584515 79.75459098815918
584515 78.7506103515625
584496 80.82389831542969
584496 84.80262756347656
584448 86.73739433288574
584429 89.76006507873535
584390 81.78091049194336
584342 97.73874282836914
584342 77.79097557067871
584342 78.82308959960938
584342 93.71757507324219
584335 80.75237274169922
584301 79.78582382202148
584296 80.75141906738281
584266 79.78558540344238
584218 103.72304916381836
584193 84.76948738098145
584140 108.70909690856934
584110 88.79709243774414
584110 79.75411415100098
584110 79.81681823730469
584084 86.72928810119629
584084 157.5765609741211
584051 149.59979057312012
584001 175.53138732910156
584001 188.98701667785645
583983 147.60255813598633
583983 145.56527137756348
583983 131.64544105529785
583983 122.6356029510498
583983 105.71742057800293
583943 103.72304916381836
583943 212.42904663085938
583928 124.63498115539551
583928 93.74880790710449
583928 78.78780364990234
583925 89.76149559020996
583925 81.81142807006836
583914 86.73691749572754
583914 92.75174140930176
583903 92.78130531311035
583903 81.77709579467773
583887 78.75752449035645
583887 99.7314453125
583859 83.7399959564209
583837 81.74896240234375
583831 78.78851890563965
583821 80.78384399414062
583821 88.76156806945801
583818 105.71646690368652
583808 103.69038581848145
583808 99.76553916931152
583808 92.75078773498535
583808 107.67984390258789
583808 83.77480506896973
583807 80.78336715698242
583803 80.7807445526123
583796 112.67590522766113
583796 92.71931648254395
583771 77.82816886901855
583771 82.7479362487793
583770 94.74611282348633
583770 94.77591514587402
583741 89.72907066345215
583741 79.7872543334961
583741 82.7789306640625
583740 100.73161125183105
583716 79.78534698486328
583712 80.75428009033203
583712 96.70758247375488
583696 312.1631145477295
583694 85.7694149017334
583694 83.77575874328613
583694 83.74404907226562
583677 78.78899574279785
583677 79.79011535644531
583667 80.81984519958496
583587 84.77091789245605
583587 79.78582382202148
583587 81.75086975097656
583587 85.7703685760498
583577 86.73644065856934
583552 83.77456665039062
583552 98.70648384094238
583552 82.7791690826416
583530 94.77400779724121
583530 86.73381805419922
583530 90.75164794921875
583522 82.7481746673584
583522 90.75260162353516
583502 89.76244926452637
583455 79.75482940673828
583447 88.73248100280762
583437 100.73161125183105
583437 100.72994232177734
583437 84.77067947387695
583437 191.4992332458496
583437 93.7504768371582
583437 92.75078773498535
583409 97.73683547973633
583340 79.78487014770508
583330 88.79518508911133
583327 80.75356483459473
583327 88.76204490661621
583294 82.74674415588379
583217 79.78606224060059
583217 85.77227592468262
583192 108.70647430419922
583192 114.70317840576172
583175 101.72724723815918
583175 104.71820831298828
583115 99.7004508972168
583092 100.69990158081055
583092 102.72550582885742
583092 100.72827339172363
583050 99.73478317260742
583000 103.72161865234375
583000 107.70750045776367
583000 97.76711463928223
583000 78.79352569580078
583000 92.7572250366211
582976 83.77861976623535
582967 92.75460243225098
582945 100.72827339172363
582945 92.72027015686035
582945 95.74294090270996
