1193154 18879.21667098999
1193142 189.49079513549805
1193121 191.45655632019043
1193077 185.50467491149902
1193075 200.46210289001465
1193070 295.2110767364502
1193062 249.33362007141113
1193039 195.4782009124756
1193039 182.5113296508789
1193036 185.5006217956543
1193036 197.44181632995605
1193006 196.47502899169922
1193006 186.49888038635254
1193000 194.4425106048584
1192998 197.47233390808105
1192970 189.49198722839355
1192969 189.49294090270996
1192969 554.5153617858887
1192969 238.36064338684082
1192959 227.39005088806152
1192959 208.44149589538574
1192921 169.52013969421387
1192921 196.44618034362793
1192921 276.25179290771484
1192921 265.2592658996582
1192842 239.36223983764648
1192808 269.27924156188965
1192808 195.47533988952637
1192802 183.50815773010254
1192802 188.4620189666748
1192797 196.4435577392578
1192797 264.30201530456543
1192786 271.3046073913574
1192784 190.5210018157959
1192765 168.5502529144287
1192765 166.52202606201172
1192747 166.52226448059082
1192725 168.5178279876709
1192725 176.52630805969238
1192718 206.41589164733887
1192687 197.47209548950195
1192658 187.4690055847168
1192637 180.48882484436035
1192582 194.47946548461914
1192582 199.46718215942383
1192543 169.54612731933594
1192537 170.54128646850586
1192497 188.46368789672852
1192490 198.4384059906006
1192490 184.47542190551758
1192473 215.423583984375
1192473 188.4939670562744
1192473 187.4706745147705
1192453 211.43245697021484
1192442 195.47462463378906
1192442 176.49531364440918
1192442 175.51422119140625
1192442 186.4912509918213
1192442 191.48921966552734
1192442 188.49706649780273
1192382 200.46496391296387
1192382 183.47716331481934
1192382 191.48826599121094
1192364 203.42230796813965
1192364 192.48366355895996
1192358 171.54192924499512
1192314 176.5282154083252
1192314 183.47692489624023
1192262 172.53732681274414
1192262 187.45946884155273
1192237 189.46433067321777
1192237 166.58449172973633
1192228 179.4891357421875
1192228 184.50379371643066
1192215 175.52995681762695
1192215 196.47669792175293
1192188 196.4702606201172
1192188 216.42160415649414
1192188 314.1603469848633
1192188 242.35129356384277
1192181 186.50054931640625
1192181 181.51235580444336
1192167 188.49754333496094
1192162 182.5096607208252
1192162 185.4727268218994
1192147 191.49065017700195
1192116 185.5018138885498
1192116 178.49087715148926
1192116 188.4937286376953
1192107 168.5183048248291
1192107 207.4131965637207
1192102 179.5189380645752
1192080 168.51520538330078
1192080 167.51646995544434
1192021 169.5120334625244
1192021 186.49911880493164
1192021 186.50174140930176
1192003 201.4603614807129
1191987 168.548583984375
1191986 171.53573036193848
1191986 455.7490348815918
1191980 202.4555206298828
1191930 204.45585250854492
1191907 212.4321460723877
1191880 341.0921096801758
1191871 189.48888778686523
1191842 188.4617805480957
1191839 203.42183113098145
1191839 188.4932518005371
1191839 181.48446083068848
1191814 205.45291900634766
1191810 194.48041915893555
1191806 189.45980072021484
1191798 183.47692489624023
1191791 178.49493026733398
1191791 200.43087005615234
1191791 243.3481216430664
1191791 196.4411735534668
1191785 193.4518814086914
1191785 189.49413299560547
1191785 189.49103355407715
1191773 189.46146965026855
1191773 201.45940780639648
1191755 220.4117774963379
1191736 176.5270233154297
1191736 230.35550117492676
1191700 208.40716361999512
1191700 183.48240852355957
1191700 190.5648708343506
1191700 193.50004196166992
1191642 653.2204151153564
1191624 249.2983341217041
1191624 196.47598266601562
1191624 180.51719665527344
1191624 183.51006507873535
1191624 213.42873573303223
1191624 272.27091789245605
1191623 191.48612022399902
1191623 191.48755073547363
1191563 294.18373107910156
1191563 220.40915489196777
1191563 171.51188850402832
1191563 189.49151039123535
1191545 266.25990867614746
1191545 255.35082817077637
1191532 197.47281074523926
1191503 235.36992073059082
1191477 274.26624298095703
1191463 165.5559539794922
1191395 167.52171516418457
1191395 208.46796035766602
1191375 188.49563598632812
1191375 198.46749305725098
1191369 258.30936431884766
1191369 204.4527530670166
1191369 189.46456909179688
1191369 201.4613151550293
1191362 188.4629726409912
1191342 190.52386283874512
1191340 180.4826259613037
1191306 278.25403213500977
1191299 219.36559677124023
1191299 222.40543365478516
1191297 173.53534698486328
1191297 194.44823265075684
1191211 313.16304206848145
1191135 189.48912620544434
1191115 182.51299858093262
1191055 181.51569366455078
1191046 190.45281410217285
1190973 196.4740753173828
1190973 163.56253623962402
1190964 179.5508861541748
1190964 166.5191650390625
1190956 282.24658966064453
1190956 427.8566837310791
1190944 272.27067947387695
1190934 192.45314598083496
1190934 200.46329498291016
1190892 188.49444389343262
1190874 202.42929458618164
1190874 205.44743537902832
1190868 200.46281814575195
1190868 191.45560264587402
1190822 177.49595642089844
1190801 203.45592498779297
1190801 191.45488739013672
1190801 180.48572540283203
1190801 188.46607208251953
1190787 189.49460983276367
1190787 192.48223304748535
1190787 185.4710578918457
1190733 193.4819221496582
1190703 179.5196533203125
1190703 166.58735275268555
1190703 192.45290756225586
1190684 169.54898834228516
1190684 175.53138732910156
1190684 188.49539756774902
1190627 189.46290016174316
1190624 204.4541835784912
1190624 192.48604774475098
1190602 182.4800968170166
1190590 174.5014190673828
1190590 180.51791191101074
1190573 176.49435997009277
1190573 206.44736289978027
1190563 183.47811698913574
1190563 195.4798698425293
1190551 212.43000030517578
1190528 167.55032539367676
1190528 173.5057830810547
1190528 179.5186996459961
1190528 195.47533988952637
1190508 193.4494972229004
1190485 187.5004768371582
1190466 189.49317932128906
1190466 254.3172836303711
1190436 196.47455215454102
1190436 176.5272617340088
1190434 185.50562858581543
1190396 178.52139472961426
1190396 358.04104804992676
1190396 182.5110912322998
1190366 191.483736038208
1190322 280.9724807739258
1190322 227.92458534240723
1190312 216.38202667236328
1190304 205.44695854187012
1190304 346.08936309814453
1190304 322.1392631530762
1190304 378.97706031799316
1190304 297.20616340637207
1190290 320.15180587768555
1190290 336.1022472381592
1190290 438.8256072998047
1190228 287.2331142425537
1190226 273.2691764831543
1190226 216.4175510406494
1190226 266.28994941711426
1190226 220.3972339630127
1190223 211.43460273742676
1190222 258.30817222595215
1190222 1299.523115158081
1190217 294.21210289001465
1190167 181.4887523651123
1190163 256.3133239746094
1190124 317.14558601379395
1190083 202.46028900146484
1190053 188.49611282348633
1190048 212.46623992919922
1189977 369.01330947875977
1189961 210.4334831237793
1189961 186.47265434265137
1189961 185.47320365905762
1189900 181.51426315307617
1189826 227.36024856567383
1189802 198.46820831298828
1189787 248.3048439025879
1189735 396.9137668609619
1189735 316.18261337280273
1189720 192.45314598083496
1189720 356.03833198547363
1189718 248.3363151550293
1189713 195.47724723815918
1189705 216.42351150512695
1189657 217.41843223571777
1189648 311.18130683898926
1189616 228.3926010131836
1189616 261.3344192504883
1189616 249.33099746704102
1189589 199.46622848510742
1189589 183.47620964050293
1189583 192.51704216003418
1189583 204.4522762298584
1189583 206.44760131835938
1189532 202.45766639709473
1189508 187.4988079071045
1189508 215.4226303100586
1189507 195.50800323486328
1189507 200.43420791625977
1189487 195.47581672668457
1189474 262.2637748718262
1189474 195.47724723815918
1189473 326.1291980743408
1189473 664.2258167266846
1189448 457.7767848968506
1189427 305.18364906311035
1189401 239.36009407043457
1189396 237.36262321472168
1189380 295.1812744140625
1189368 204.4234275817871
1189368 201.4625072479248
1189368 251.3270378112793
1189331 179.4877052307129
1189331 174.5321750640869
1189323 191.49041175842285
1189323 192.45409965515137
1189300 186.53082847595215
1189300 175.49777030944824
1189300 183.50911140441895
1189292 194.47851181030273
1189292 183.50744247436523
1189280 197.47447967529297
1189280 201.4906406402588
1189277 274.23596382141113
1189277 201.45893096923828
1189244 202.45790481567383
1189244 195.47414779663086
1189244 191.4846897125244
1189202 236.33599281311035
1189184 265.2900218963623
1189184 207.44895935058594
1189163 201.4627456665039
1189105 189.52536582946777
1189105 186.47074699401855
1189016 178.51805686950684
1188985 197.46971130371094
1188925 180.48429489135742
1188925 240.3542995452881
1188925 174.5321750640869
1188920 181.48350715637207
1188899 189.49127197265625
1188888 191.48826599121094
1188876 187.49761581420898
1188876 211.40336990356445
1188868 211.43245697021484
1188868 189.49294090270996
1188868 196.47574424743652
1188868 178.52187156677246
1188849 180.4821491241455
1188849 167.52004623413086
1188827 188.46511840820312
1188772 205.44815063476562
1188756 187.53647804260254
1188731 187.46685981750488
1188731 172.53661155700684
1188731 171.5404987335205
1188726 196.47574424743652
1188726 176.52606964111328
1188699 179.5196533203125
1188699 200.43253898620605
1188699 192.45505332946777
1188699 194.48423385620117
1188699 186.47146224975586
1188659 184.50617790222168
1188603 198.46868515014648
1188591 174.53289031982422
1188591 180.51600456237793
1188591 187.46685981750488
1188591 190.48428535461426
1188552 169.51537132263184
1188546 258.31055641174316
1188546 215.4226303100586
1188546 207.41605758666992
1188533 192.48366355895996
1188502 523.597240447998
1188462 175.53305625915527
1188444 204.4539451599121
1188423 193.4800148010254
1188423 193.4809684753418
1188423 188.49587440490723
1188400 176.5267848968506
1188400 192.51680374145508
1188376 191.47920608520508
1188335 166.52321815490723
1188335 187.50596046447754
1188335 178.52497100830078
1188305 189.46003913879395
1188305 185.47415733337402
1188305 176.52511596679688
1188305 189.46146965026855
1188239 207.4439525604248
1188239 190.5224323272705
1188239 182.5108528137207
1188239 194.45037841796875
1188239 204.47444915771484
1188230 184.47566032409668
1188230 198.46844673156738
1188230 188.46440315246582
1188230 190.4888153076172
1188230 186.50221824645996
1188204 193.48406791687012
1188204 183.47644805908203
1188204 241.35613441467285
1188179 190.51003456115723
1188149 191.4844512939453
1188129 193.4497356414795
1188079 184.47470664978027
1188079 185.50539016723633
1188046 193.4826374053955
1188021 190.4895305633545
1187983 190.4897689819336
1187963 190.48738479614258
1187963 197.47018814086914
1187963 194.47970390319824
1187949 188.49563598632812
1187911 190.4902458190918
1187911 178.52282524108887
1187911 178.49087715148926
1187895 186.53225898742676
1187894 195.47581672668457
1187887 170.5338954925537
1187887 178.52473258972168
1187887 196.4437961578369
1187871 210.43682098388672
1187836 175.53091049194336
1187827 187.49523162841797
1187827 196.47622108459473
1187824 183.5174560546875
1187817 179.487943649292
1187788 166.51463508605957
1187776 180.51648139953613
1187776 167.55414009094238
1187736 172.50800132751465
1187730 193.4819221496582
1187730 179.5191764831543
1187730 167.5722599029541
1187715 182.481050491333
1187712 187.4988079071045
1187712 179.5496940612793
1187712 194.45323944091797
1187712 180.51433563232422
1187712 169.51465606689453
1187700 209.43641662597656
1187700 182.5094223022461
1187684 186.47003173828125
1187664 189.46123123168945
1187664 256.3133239746094
1187664 237.3645305633545
1187658 266.28899574279785
1187652 303.1933307647705
1187652 205.44099807739258
1187618 196.47479057312012
1187618 193.4812068939209
1187618 178.52282524108887
1187618 209.43713188171387
1187594 191.44964218139648
1187582 179.5210838317871
1187542 202.42738723754883
1187532 194.48065757751465
1187523 182.5110912322998
1187523 193.4502124786377
1187523 177.49357223510742
1187439 199.4643211364746
1187439 196.43664360046387
1187439 179.4881820678711
1187419 189.49604034423828
1187419 182.51776695251465
1187349 187.5
1187349 189.49151039123535
1187335 184.5073699951172
1187335 278.2552242279053
1187335 380.9812068939209
1187311 283.24246406555176
1187311 199.46694374084473
1187300 189.49484825134277
1187293 203.45306396484375
1187233 167.55247116088867
1187233 166.52297973632812
1187205 189.49317932128906
1187186 184.5071315765381
1187186 189.49484825134277
1187186 170.54271697998047
1187163 198.46844673156738
1187163 195.47486305236816
1187148 195.47724723815918
1187104 185.4701042175293
1187104 168.5199737548828
1187010 534.6031188964844
1187001 178.48682403564453
1187001 193.48549842834473
1187001 194.44823265075684
1187001 192.474365234375
1186973 179.4869899749756
1186973 199.46718215942383
1186973 181.22005462646484
1186964 178.49302291870117
1186956 184.50474739074707
1186956 192.45314598083496
1186956 186.46717071533203
1186925 174.5283603668213
1186925 188.49539756774902
1186906 180.48691749572754
1186829 182.5113296508789
1186829 174.5302677154541
1186829 193.4511661529541
1186829 175.53186416625977
1186818 188.52615356445312
1186805 177.4914264678955
1186770 228.35993766784668
1186770 381.6556930541992
1186761 282.2437286376953
1186746 275.26187896728516
1186746 183.5007667541504
1186746 192.48461723327637
1186746 185.54234504699707
1186712 179.4888973236084
1186712 182.4812889099121
1186657 194.5056915283203
1186657 178.49087715148926
1186657 190.4902458190918
1186657 184.47470664978027
1186656 182.5108528137207
1186622 204.44154739379883
1186622 202.45647430419922
1186622 192.48533248901367
1186622 176.5275001525879
1186589 176.5289306640625
1186575 183.54201316833496
1186575 181.48493766784668
1186575 187.49690055847168
1186569 184.47470664978027
1186568 175.53138732910156
1186559 192.48318672180176
1186527 175.52995681762695
1186503 331.12215995788574
1186503 390.95616340637207
1186503 290.2231216430664
1186495 178.52187156677246
1186495 180.52148818969727
1186491 179.48579788208008
1186476 174.5314598083496
1186476 173.52533340454102
1186476 164.55864906311035
1186430 200.43301582336426
1186430 179.5179843902588
1186380 190.4592514038086
1186343 189.49222564697266
1186343 179.4886589050293
1186343 188.48919868469238
1186343 183.53772163391113
1186331 180.4828643798828
1186331 183.47620964050293
1186331 180.48381805419922
1186308 190.4599666595459
1186308 180.51457405090332
1186281 177.49381065368652
1186281 206.41565322875977
1186273 179.5186996459961
1186229 179.4877052307129
1186162 199.46813583374023
1186162 214.42103385925293
1186140 254.2884349822998
1186140 422.86062240600586
1186140 295.2091693878174
1186140 194.47827339172363
1186138 179.48675155639648
1186049 191.51949882507324
1186049 179.5206069946289
1186049 171.5397834777832
1186049 190.45686721801758
1185996 181.5481185913086
1185996 175.49872398376465
1185996 172.56999015808105
1185989 192.45219230651855
1185989 190.4895305633545
1185989 174.52454566955566
1185989 180.54914474487305
1185989 181.47993087768555
1185989 184.53598022460938
1185989 185.4724884033203
1185957 186.50126457214355
1185957 167.58275032043457
1185957 177.52361297607422
1185917 175.5363941192627
1185917 197.47209548950195
1185873 173.5377311706543
1185865 188.46464157104492
1185856 170.57299613952637
1185807 182.4815273284912
1185754 193.4828758239746
1185747 192.51608848571777
1185686 176.4965057373047
1185655 185.50491333007812
1185592 178.52377891540527
1185592 181.50925636291504
1185582 245.3162670135498
1185563 196.50888442993164
1185563 215.38925170898438
1185563 341.0918712615967
1185560 275.2666473388672
1185539 606.377124786377
1185539 197.44110107421875
1185506 186.50197982788086
1185506 181.48374557495117
1185506 182.5108528137207
1185473 185.5015754699707
1185473 183.50958824157715
1185464 188.49706649780273
1185455 178.48920822143555
1185449 182.5125217437744
1185449 174.53527450561523
1185431 184.4768524169922
1185409 188.4620189666748
1185390 226.3946533203125
1185390 384.97138023376465
1185386 292.21248626708984
1185386 281.2478542327881
1185380 184.5102310180664
1185380 173.53391647338867
1185380 173.5365390777588
1185380 194.47803497314453
1185357 186.50102615356445
1185302 180.54890632629395
1185273 185.4708194732666
1185273 183.51030349731445
1185271 180.51934242248535
1185245 173.5055446624756
1185237 179.487943649292
1185237 174.53289031982422
1185237 204.48708534240723
1185237 181.48469924926758
1185237 196.4430809020996
1185237 418.8716411590576
1185237 296.21005058288574
1185179 280.28321266174316
1185142 185.50491333007812
1185131 181.51521682739258
1185127 186.47289276123047
1185124 189.49317932128906
1185124 185.5030059814453
1185117 190.49453735351562
1185096 178.51877212524414
1185096 178.52306365966797
1185096 176.5270233154297
1185096 197.50523567199707
1185023 181.5178394317627
1185011 176.4967441558838
1185011 182.4820041656494
1185011 264.29271697998047
1184956 412.8851890563965
1184956 305.18364906311035
1184956 198.47679138183594
1184942 182.4817657470703
1184942 185.5025291442871
1184942 190.4888153076172
1184937 191.52283668518066
1184935 179.4891357421875
1184935 186.53178215026855
1184935 183.47811698913574
1184903 184.5078468322754
1184889 181.51593208312988
1184889 185.50968170166016
1184881 199.4650363922119
1184881 186.50054931640625
1184874 179.5196533203125
1184860 203.4316062927246
1184860 177.52575874328613
1184860 184.47446823120117
1184818 191.4815902709961
1184818 175.53043365478516
1184818 298.2027530670166
1184813 312.166690826416
1184813 251.33132934570312
1184813 335.10708808898926
1184813 199.46575164794922
1184757 177.56056785583496
1184698 177.49404907226562
1184673 187.4978542327881
1184673 196.47574424743652
1184636 201.45010948181152
1184604 192.45338439941406
1184604 193.4831142425537
1184596 195.47796249389648
1184566 178.49135398864746
1184554 173.5055446624756
1184522 206.44807815551758
1184514 187.5004768371582
1184514 180.52124977111816
1184503 176.4998435974121
1184448 310.168981552124
1184448 379.98247146606445
1184448 298.2046604156494
1184448 214.42794799804688
1184448 186.4790916442871
1184448 172.53804206848145
1184431 188.52615356445312
1184419 190.4606819152832
1184406 187.46352195739746
1184381 182.4800968170166
1184381 178.53498458862305
1184366 188.4627342224121
1184359 198.46773147583008
1184349 179.518461227417
1184349 181.48112297058105
1184337 181.48136138916016
1184331 187.50739097595215
1184331 188.49492073059082
1184290 176.53179168701172
1184290 183.47930908203125
1184274 255.31578063964844
1184274 415.88830947875977
1184260 270.26963233947754
1184260 301.1965751647949
1184225 545.508623123169
1184221 178.49135398864746
1184194 194.4441795349121
1184145 180.51767349243164
1184107 177.52742767333984
1184107 188.46464157104492
1184102 169.54755783081055
1184082 177.52504348754883
1184082 185.50801277160645
1184077 175.53162574768066
1184077 181.51235580444336
1184077 173.5365390777588
1184077 180.51838874816895
1184077 185.50348281860352
1184077 180.51791191101074
1184029 232.34915733337402
1184000 379.98366355895996
1183991 331.10809326171875
1183953 425.708532333374
1183953 312.1671676635742
1183953 351.0589599609375
1183953 334.1050148010254
1183939 184.6005916595459
1183933 190.4911994934082
1183912 184.47613716125488
1183886 187.4988079071045
1183886 195.47581672668457
1183886 188.49730491638184
1183886 191.49017333984375
1183886 201.4932632446289
1183886 196.44618034362793
1183886 252.35843658447266
1183886 208.44364166259766
1183848 187.4995231628418
1183848 179.51321601867676
1183848 189.46170806884766
1183848 196.47526741027832
1183832 208.44101905822754
1183812 311.1567497253418
1183812 220.40987014770508
1183804 214.42604064941406
1183804 187.46662139892578
1183800 183.50911140441895
1183800 362.0331287384033
1183800 214.42699432373047
1183800 185.47344207763672
1183800 189.49222564697266
1183800 199.46646690368652
1183792 195.47653198242188
1183792 188.46535682678223
1183791 182.48248100280762
1183791 183.50720405578613
1183748 175.52995681762695
1183748 203.45449447631836
1183748 186.46979331970215
1183744 191.48921966552734
1183744 212.4319076538086
1183744 266.28851890563965
1183744 190.4587745666504
1183744 219.38276290893555
1183744 188.4927749633789
1183744 198.4689235687256
1183739 186.50269508361816
1183731 179.5194149017334
1183731 218.3847427368164
1183720 224.40028190612793
1183702 199.4650363922119
1183702 205.42049407958984
1183702 200.43492317199707
1183662 200.46472549438477
1183647 197.44038581848145
1183647 247.33877182006836
1183621 269.27876472473145
1183603 265.2904987335205
1183599 242.35224723815918
1183599 187.4980926513672
1183587 195.50752639770508
1183524 211.43484115600586
1183524 281.2788486480713
1183524 172.50967025756836
1183524 185.50658226013184
1183524 206.41732215881348
1183524 228.35898399353027
1183524 245.37420272827148
1183524 232.3782444000244
1183524 308.17580223083496
1183524 238.36302757263184
1183524 227.39052772521973
1183524 209.44905281066895
1183472 283.27131271362305
1183472 203.45687866210938
1183472 253.32117080688477
1183472 235.37397384643555
1183440 208.44244956970215
1183440 190.4892921447754
1183440 176.5286922454834
1183426 184.4768524169922
1183426 341.05539321899414
1183426 228.42121124267578
1183426 269.24920082092285
1183426 255.31983375549316
1183426 342.069149017334
1183426 314.15843963623047
1183400 352.07080841064453
1183397 332.11278915405273
1183397 294.21544075012207
1183321 217.41962432861328
1183321 281.24547004699707
1183310 232.34868049621582
1183277 205.45125007629395
1183277 297.20497131347656
1183270 195.4796314239502
1183259 239.35842514038086
1183259 830.7766914367676
1183227 255.31792640686035
1183153 240.38267135620117
1183108 235.36324501037598
1183108 184.5071315765381
1183108 179.5186996459961
1183108 200.4692554473877
1183044 201.45916938781738
1183039 183.50982666015625
1183024 180.4828643798828
1183024 173.53487014770508
1183018 180.51910400390625
1183018 200.43492317199707
1183010 197.47209548950195
1182979 195.47653198242188
1182954 186.47193908691406
1182954 198.4407901763916
1182916 187.4978542327881
1182916 185.47415733337402
1182904 193.47882270812988
1182904 181.48374557495117
1182904 170.54224014282227
1182904 171.54407501220703
1182904 382.9822540283203
1182904 215.41881561279297
1182902 194.48018074035645
1182891 192.48437881469727
1182880 195.47605514526367
1182880 183.50911140441895
1182880 180.48572540283203
1182879 185.4689121246338
1182840 195.47677040100098
1182840 180.50885200500488
1182818 175.53257942199707
1182818 167.52147674560547
1182805 178.48968505859375
1182775 267.2858238220215
1182775 200.46520233154297
1182775 198.46701622009277
1182735 213.42968940734863
1182710 171.5099811553955
1182710 194.48018074035645
1182710 236.33694648742676
1182710 185.50348281860352
1182710 187.4997615814209
1182708 177.49404907226562
1182708 195.44744491577148
1182686 175.53257942199707
1182686 344.04563903808594
1182686 249.33409690856934
1182675 189.52488899230957
1182675 189.4550323486328
1182590 260.303258895874
1182556 184.50570106506348
1182540 190.4911994934082
1182518 178.52306365966797
1182518 182.5106143951416
1182463 175.53019523620605
1182453 298.2020378112793
1182417 272.27139472961426
1182417 193.4819221496582
1182395 193.4826374053955
1182395 250.33116340637207
1182395 186.50102615356445
1182341 196.47479057312012
1182341 178.52330207824707
1182325 179.5186996459961
1182325 172.50752449035645
1182289 270.2457904815674
1182270 276.2925624847412
1182270 210.4032039642334
1182212 182.5108528137207
1182138 169.54779624938965
1182122 257.312536239624
1182093 182.5110912322998
1182093 179.487943649292
1182093 195.51587104797363
1182093 191.48921966552734
1182093 198.46844673156738
1182031 260.3034973144531
1182031 356.0497760772705
1182031 193.48478317260742
1182022 178.55310440063477
1182008 279.2539596557617
1181942 196.47455215454102
1181918 181.48517608642578
1181918 200.43182373046875
1181918 316.15614891052246
1181892 281.2490463256836
1181872 198.49705696105957
1181830 184.47494506835938
1181805 200.46377182006836
1181805 196.44737243652344
1181758 190.4911994934082
1181747 188.52829933166504
1181732 194.44608688354492
1181732 249.30167198181152
1181718 198.4994411468506
1181706 209.4399929046631
1181706 202.45957374572754
1181685 176.49579048156738
1181685 287.2309684753418
1181685 298.2041835784912
1181666 205.4448127746582
1181666 173.5401153564453
1181666 304.2018413543701
1181656 214.39623832702637
1181620 213.42897415161133
1181620 251.3256072998047
1181609 217.38576889038086
1181609 206.44760131835938
1181578 191.48826599121094
1181550 184.50403213500977
1181495 539.5569801330566
1181492 188.49802017211914
1181492 364.0267848968506
1181492 213.42825889587402
1181488 202.45885848999023
1181488 184.4770908355713
1181488 192.45386123657227
1181488 180.51815032958984
1181467 255.32078742980957
1181443 189.46170806884766
1181425 174.50833320617676
1181422 178.48801612854004
1181422 199.46551322937012
1181422 186.50174140930176
1181412 185.46819686889648
1181408 190.4892921447754
1181408 172.5466251373291
1181408 189.52155113220215
1181408 182.51395225524902
1181408 190.49453735351562
1181405 182.54351615905762
1181334 210.4055881500244
1181334 368.0148124694824
1181334 191.48755073547363
1181334 198.4715461730957
1181331 188.4629726409912
1181331 193.4823989868164
1181331 216.43590927124023
1181288 230.38411140441895
1181288 182.4808120727539
1181270 182.5416088104248
1181259 191.49208068847656
1181259 181.51617050170898
1181247 167.51837730407715
1181247 179.48651313781738
1181239 197.47304916381836
1181205 168.5185432434082
1181205 192.51585006713867
1181205 172.53351211547852
1181171 187.5002384185791
1181168 180.48334121704102
1181151 170.54128646850586
1181151 173.53582382202148
1181151 193.4833526611328
1181109 178.49087715148926
1181109 183.51006507873535
1181088 174.4999885559082
1181087 224.39956665039062
1181087 198.472261428833
1181087 171.51284217834473
1181049 197.44229316711426
1181049 189.49460983276367
1181049 190.4902458190918
1181032 272.26829528808594
1181016 313.15159797668457
1180953 185.53805351257324
1180947 180.48477172851562
1180937 195.47653198242188
1180908 183.46905708312988
1180883 186.46955490112305
1180850 187.5004768371582
1180832 188.50445747375488
1180829 188.46654891967773
1180783 182.5425624847412
1180783 178.48658561706543
1180758 170.54390907287598
1180711 188.49539756774902
1180705 188.46631050109863
1180705 184.47208404541016
1180676 198.4388828277588
1180660 185.4727268218994
1180660 187.4992847442627
1180660 184.51714515686035
1180660 295.2101230621338
1180660 186.50078773498535
1180660 185.50491333007812
1180639 177.520751953125
1180639 209.4113826751709
1180639 188.49492073059082
1180594 169.51560974121094
