73514 87.79406547546387
73457 11.938333511352539
73431 9.972333908081055
73431 10.00356674194336
73431 8.977413177490234
73406 9.97304916381836
73404 7.983207702636719
73392 9.937524795532227
73392 8.975982666015625
73385 9.007453918457031
73324 8.946418762207031
73307 10.970115661621094
73307 9.973526000976562
73278 11.967897415161133
73276 7.977008819580078
73270 8.978128433227539
73270 11.967658996582031
73270 8.974313735961914
73215 8.975982666015625
73209 10.972023010253906
73209 10.970830917358398
73209 11.966705322265625
73209 10.004997253417969
73196 7.988452911376953
73196 9.93204116821289
73119 7.978916168212891
73072 7.9784393310546875
73072 7.979393005371094
73028 8.975505828857422
73028 8.977413177490234
73028 10.970830917358398
73028 11.967897415161133
73028 11.967897415161133
73016 11.968135833740234
73014 8.974313735961914
73009 7.978916168212891
72994 8.975505828857422
72969 7.979631423950195
72926 7.977724075317383
72900 8.976936340332031
72897 7.977724075317383
72880 8.977174758911133
72868 7.977485656738281
72793 7.980585098266602
72793 8.974075317382812
72793 7.979869842529297
72793 8.974790573120117
72724 8.975982666015625
72724 7.978677749633789
72724 9.975194931030273
72698 11.967658996582031
72641 10.970830917358398
72641 10.970592498779297
72616 11.968135833740234
72591 11.967658996582031
72591 10.970592498779297
72576 11.968851089477539
72576 10.970115661621094
72576 11.967897415161133
72576 10.970830917358398
72569 11.967658996582031
72530 11.968135833740234
72487 11.967897415161133
72483 10.970592498779297
72483 11.968374252319336
72466 10.002374649047852
72466 7.984161376953125
72466 8.971214294433594
72463 9.94253158569336
72463 13.965129852294922
72462 17.950057983398438
72462 10.996341705322266
72435 10.946273803710938
72435 11.994123458862305
72432 10.972976684570312
72432 8.946418762207031
72395 7.981538772583008
72395 8.975982666015625
72384 8.983612060546875
72384 7.970094680786133
72353 8.978843688964844
72353 7.983684539794922
72311 7.973909378051758
72311 8.970260620117188
72311 8.980512619018555
72282 8.97669792175293
72233 7.978677749633789
72233 15.92564582824707
72196 32.889366149902344
72160 17.952442169189453
72111 18.948078155517578
72111 13.964176177978516
72058 17.952442169189453
72058 15.95616340637207
72058 13.968229293823242
72021 14.960765838623047
72021 13.962507247924805
72003 16.953468322753906
72003 8.97526741027832
71985 10.97249984741211
71985 11.003732681274414
71912 8.978605270385742
71896 8.96763801574707
71896 7.9860687255859375
71896 8.939981460571289
71862 8.975505828857422
71821 8.975744247436523
71821 10.972738265991211
71799 11.000633239746094
71780 11.97052001953125
71766 9.939432144165039
71728 8.009672164916992
71711 9.973287582397461
71711 7.9784393310546875
71672 9.012460708618164
71672 10.935068130493164
71666 13.983011245727539
71666 10.979890823364258
71636 7.983684539794922
71636 9.968757629394531
71636 7.983684539794922
71636 8.007287979125977
71636 8.98885726928711
71632 7.971048355102539
71618 8.975982666015625
71618 8.939504623413086
71604 7.979154586791992
71598 9.012699127197266
71598 7.978200912475586
71533 8.974790573120117
71489 7.978677749633789
71479 8.977413177490234
71479 8.954286575317383
71479 7.998943328857422
71479 7.978916168212891
71479 7.980823516845703
71479 9.937524795532227
71469 8.013725280761719
71469 8.97526741027832
71431 7.978916168212891
71431 8.973836898803711
71431 7.982969284057617
71431 8.972883224487305
71430 7.979154586791992
71424 8.975744247436523
71424 8.976936340332031
71412 7.970571517944336
71403 8.97836685180664
71400 7.989168167114258
71399 8.970975875854492
71399 7.973909378051758
71370 7.986783981323242
71370 8.947134017944336
71370 8.005380630493164
71370 7.979393005371094
71360 8.974552154541016
71360 8.972644805908203
71348 7.983207702636719
71328 8.976221084594727
71324 7.973670959472656
71298 8.97359848022461
71287 8.96906852722168
71287 7.988214492797852
71283 8.946895599365234
71283 10.969877243041992
71283 11.967897415161133
71267 11.968135833740234
71255 11.967897415161133
71228 10.008811950683594
71205 7.977724075317383
71191 8.941650390625
71191 7.979393005371094
71189 8.013010025024414
71184 8.942842483520508
71184 12.964725494384766
71134 11.967658996582031
71134 10.969400405883789
71112 7.9784393310546875
71112 7.978916168212891
71112 8.975744247436523
71104 8.014917373657227
71104 8.013248443603516
71102 7.9784393310546875
71102 9.939432144165039
71095 14.957427978515625
71095 11.002063751220703
71095 7.983207702636719
71095 8.971214294433594
71094 8.982658386230469
71068 8.938074111938477
71009 17.952442169189453
71009 15.958547592163086
70998 8.974790573120117
70998 7.9784393310546875
70998 8.975744247436523
70998 7.978916168212891
70962 10.971307754516602
70935 11.967897415161133
70923 11.966228485107422
70889 15.956878662109375
70889 9.973526000976562
70872 8.975982666015625
70861 9.007453918457031
70837 7.983684539794922
70837 8.975505828857422
70776 9.939432144165039
70776 10.970354080200195
70776 9.971857070922852
70776 9.973526000976562
70747 7.978677749633789
70747 8.975744247436523
70747 7.979154586791992
70738 8.975505828857422
70738 8.976221084594727
70703 7.978677749633789
70664 7.978916168212891
70664 11.967658996582031
70664 7.9784393310546875
70664 8.975982666015625
70664 7.978677749633789
70656 9.974479675292969
70610 8.974552154541016
70610 12.967109680175781
70610 10.998249053955078
70609 8.97836685180664
70599 8.975744247436523
70599 7.987022399902344
70599 10.932445526123047
70583 11.968135833740234
70583 11.968374252319336
70583 11.96742057800293
70583 10.007619857788086
70583 7.980585098266602
70559 8.01539421081543
70559 7.978677749633789
70559 8.974313735961914
70559 7.978200912475586
70485 8.939743041992188
70485 7.978677749633789
70485 9.012699127197266
70485 7.978677749633789
70470 8.97526741027832
70464 7.978200912475586
70460 7.978677749633789
70460 7.977962493896484
70433 8.976221084594727
70413 7.981538772583008
70363 8.972644805908203
70353 8.940458297729492
70263 7.9784393310546875
70263 8.97669792175293
70247 7.977962493896484
70205 9.008407592773438
70188 7.9784393310546875
70188 8.980512619018555
70131 7.9784393310546875
70113 8.976459503173828
70100 7.9784393310546875
70095 7.977962493896484
70095 7.978677749633789
70086 8.976221084594727
70050 8.971691131591797
70050 7.982492446899414
70050 7.978677749633789
70040 8.978128433227539
70017 7.979393005371094
70017 8.969783782958984
69979 7.983207702636719
69956 8.974552154541016
69956 7.980108261108398
69955 8.975744247436523
69955 7.978677749633789
69955 8.975744247436523
69909 7.978200912475586
69882 8.975982666015625
69882 7.978677749633789
69804 7.979154586791992
69774 7.9898834228515625
69774 8.970975875854492
69747 7.982969284057617
69747 8.977890014648438
69747 7.978916168212891
69726 8.973360061645508
69726 7.981061935424805
69726 8.938312530517578
69726 7.979393005371094
69708 8.00776481628418
69690 8.983850479125977
69690 8.939027786254883
69690 7.9784393310546875
69672 8.976221084594727
69650 7.978677749633789
69650 8.975982666015625
69650 7.9784393310546875
69628 7.978677749633789
69628 7.978916168212891
69628 8.975744247436523
69628 7.978677749633789
69578 9.011507034301758
69578 7.979154586791992
69578 8.976459503173828
69578 9.96851921081543
69578 7.973670959472656
69545 7.988214492797852
69545 8.97526741027832
69545 8.940458297729492
69545 7.978916168212891
69537 7.978677749633789
69537 8.975982666015625
69537 7.9784393310546875
69529 7.978677749633789
69529 9.015083312988281
69529 7.977485656738281
69526 7.9784393310546875
69500 9.938240051269531
69500 11.967897415161133
69480 12.965202331542969
69480 12.964248657226562
69458 9.00721549987793
69458 7.985830307006836
69458 7.9784393310546875
69457 8.977174758911133
69429 7.978200912475586
69417 8.974313735961914
69397 7.9784393310546875
69397 9.006738662719727
69388 7.984161376953125
69388 8.939504623413086
69382 7.9784393310546875
69382 9.973526000976562
69377 7.978677749633789
69377 11.969327926635742
69367 8.975982666015625
69330 8.009195327758789
69330 8.982419967651367
69330 7.975339889526367
69323 8.977413177490234
69323 7.9784393310546875
69311 7.978916168212891
69311 7.977724075317383
69279 8.977174758911133
69270 7.98344612121582
69270 8.935928344726562
69270 10.970592498779297
69270 11.968135833740234
69270 12.96544075012207
69244 11.967897415161133
69240 11.967897415161133
69240 11.968374252319336
69240 11.997461318969727
69203 7.981300354003906
69203 8.981943130493164
69201 8.971452713012695
69201 8.977174758911133
69190 7.978677749633789
69184 9.936809539794922
69184 8.975982666015625
69184 7.978677749633789
69180 7.9784393310546875
69147 8.977413177490234
69147 12.965202331542969
69147 11.967897415161133
69144 11.968135833740234
69144 11.967897415161133
69125 9.012222290039062
69109 8.938312530517578
69109 7.9784393310546875
69109 8.976221084594727
69070 10.970592498779297
69045 7.978677749633789
69045 8.975982666015625
69036 7.978677749633789
69033 8.975982666015625
69033 8.975982666015625
69033 7.979393005371094
69033 7.977962493896484
69033 9.012699127197266
69033 7.978677749633789
69033 8.970499038696289
69033 8.981466293334961
69033 8.975744247436523
69033 7.9784393310546875
69033 7.9784393310546875
69033 12.929916381835938
69021 12.999773025512695
69011 10.964632034301758
68999 7.981300354003906
68990 8.975982666015625
68972 8.985519409179688
68972 7.968425750732422
68972 8.945941925048828
68972 8.975028991699219
68970 7.979393005371094
68962 7.977962493896484
68954 7.979869842529297
68954 7.977485656738281
68954 8.977174758911133
68940 7.977485656738281
68940 7.979393005371094
68940 7.977724075317383
68884 10.001897811889648
68874 12.961864471435547
68867 8.976221084594727
68831 7.988929748535156
68807 8.97669792175293
68807 7.978916168212891
68807 8.976221084594727
68777 9.97018814086914
68776 7.986307144165039
68763 10.010719299316406
68737 8.027076721191406
68729 13.877391815185547
68707 14.957666397094727
68707 7.9784393310546875
68661 9.00721549987793
68641 8.945703506469727
68641 9.00721549987793
68629 8.980035781860352
68611 7.942438125610352
68611 9.012699127197266
68611 7.973670959472656
68611 8.975982666015625
68596 8.94474983215332
68596 14.960050582885742
68596 10.970115661621094
68588 8.975982666015625
68588 9.007453918457031
68574 8.98122787475586
68556 7.980585098266602
68556 8.974313735961914
68556 7.983207702636719
68556 8.970022201538086
68556 9.939193725585938
68556 11.968374252319336
68551 9.005546569824219
68551 8.975982666015625
68551 8.976221084594727
68544 7.977962493896484
68544 8.013248443603516
68514 8.94021987915039
68514 10.970592498779297
68486 7.978677749633789
68471 7.978677749633789
68471 7.9784393310546875
68469 7.9784393310546875
68461 7.9784393310546875
68461 9.012460708618164
68441 7.978200912475586
68441 7.979154586791992
68419 8.978128433227539
68348 8.974552154541016
68348 7.97724723815918
68346 7.979154586791992
68346 8.97836685180664
68323 7.976055145263672
68303 7.978200912475586
68303 7.9784393310546875
68303 9.93657112121582
68257 10.972261428833008
68257 10.999202728271484
68250 7.97724723815918
68246 7.974863052368164
68246 8.983612060546875
68246 8.973360061645508
68213 7.977485656738281
68213 8.971214294433594
68213 7.982969284057617
68189 11.93380355834961
68181 11.968135833740234
68140 10.970592498779297
68140 11.968374252319336
68140 11.967658996582031
68137 12.965679168701172
68137 10.970592498779297
68128 10.011911392211914
68128 7.975339889526367
68123 8.975028991699219
68074 7.979154586791992
68067 8.976459503173828
68067 7.977962493896484
68067 7.978677749633789
68037 8.975744247436523
68037 8.97836685180664
68037 7.9784393310546875
68012 7.978916168212891
68003 8.974075317382812
67985 8.97073745727539
67982 7.983684539794922
67982 7.977485656738281
67968 7.978916168212891
67945 8.97526741027832
67922 7.979393005371094
67922 7.977724075317383
67922 8.980035781860352
67922 8.97216796875
67919 7.981777191162109
67919 7.977485656738281
67899 7.976770401000977
67899 7.979631423950195
67886 7.976531982421875
67886 7.980108261108398
67886 7.940053939819336
67885 8.975744247436523
67885 7.978677749633789
67860 7.978916168212891
67860 7.9784393310546875
67860 7.977724075317383
67860 7.9784393310546875
67830 9.01341438293457
67827 7.941722869873047
67800 7.973432540893555
67800 7.943868637084961
67800 8.012771606445312
67800 8.977413177490234
67800 8.976221084594727
67800 7.9784393310546875
67800 9.936332702636719
67787 9.007692337036133
67787 7.982969284057617
67787 9.968996047973633
67787 7.984161376953125
67786 7.979393005371094
67744 7.977962493896484
67723 8.976221084594727
67717 7.978677749633789
67717 8.975744247436523
67717 7.978916168212891
67717 8.977413177490234
67704 7.979393005371094
67704 8.974313735961914
67704 12.929201126098633
67686 15.970468521118164
67680 9.990453720092773
67680 9.942293167114258
67680 7.978916168212891
67680 7.9784393310546875
67671 7.9784393310546875
67662 7.978677749633789
67662 8.976221084594727
67653 10.973691940307617
67642 12.963533401489258
67614 11.968374252319336
67614 8.973836898803711
67609 7.979631423950195
67609 8.97526741027832
67609 11.001825332641602
67609 8.981466293334961
67552 7.939577102661133
67523 8.976221084594727
67523 8.975744247436523
67521 7.9784393310546875
67521 8.975982666015625
67521 8.975982666015625
67521 8.975982666015625
67521 7.978677749633789
67513 7.978677749633789
67464 10.009765625
67430 8.97836685180664
67430 8.975505828857422
67430 7.976531982421875
67424 7.981300354003906
67424 8.973121643066406
67413 7.9784393310546875
67413 7.979154586791992
67409 8.940935134887695
67406 11.967897415161133
67385 11.967897415161133
67352 11.968135833740234
67328 12.009620666503906
67326 8.934736251831055
67315 8.012533187866211
67269 7.978916168212891
67247 8.979082107543945
67246 8.936882019042969
67229 9.014606475830078
67229 7.974386215209961
67229 10.937690734863281
67203 11.968135833740234
67203 11.967897415161133
67137 10.970592498779297
67137 11.968135833740234
67110 11.00015640258789
67110 9.943723678588867
67110 11.996030807495117
67110 7.977962493896484
67110 8.985757827758789
67098 7.974147796630859
67098 8.975505828857422
67098 8.978128433227539
67098 8.942604064941406
67074 8.01229476928711
67047 7.9784393310546875
67047 8.973836898803711
66974 8.941650390625
66961 8.012533187866211
66951 8.974313735961914
66951 7.983207702636719
66902 7.9784393310546875
66891 8.013725280761719
66891 7.978916168212891
66891 7.9784393310546875
66891 8.980035781860352
66891 8.975028991699219
66865 8.975505828857422
66810 7.978677749633789
66747 8.975982666015625
66747 7.979154586791992
66714 7.978200912475586
66688 8.977174758911133
66663 8.974790573120117
66655 11.969327926635742
66655 11.968374252319336
66655 10.969877243041992
66655 12.965202331542969
66655 10.970592498779297
66655 10.00356674194336
66655 7.981300354003906
66644 8.978605270385742
66623 8.975028991699219
66607 7.975101470947266
66607 7.982015609741211
66607 8.975982666015625
66589 7.982969284057617
66577 7.977962493896484
66577 10.93292236328125
66577 12.96544075012207
66539 10.010242462158203
66510 8.973121643066406
66506 7.9784393310546875
66505 8.94021987915039
66505 7.978916168212891
66482 9.005069732666016
66482 7.986307144165039
66482 7.9784393310546875
66482 8.94021987915039
66482 7.9784393310546875
66482 8.976459503173828
66468 11.968135833740234
66461 8.975505828857422
66461 7.978677749633789
66461 8.975744247436523
66461 8.976221084594727
66431 8.975982666015625
66421 7.978677749633789
66413 14.960050582885742
66413 10.972738265991211
66391 12.964487075805664
66391 17.95029640197754
66391 7.978200912475586
66391 8.975982666015625
66385 7.978916168212891
66381 10.971784591674805
66357 12.00413703918457
66357 7.9784393310546875
66357 8.938789367675781
66350 8.976221084594727
66310 8.975744247436523
66310 8.975982666015625
66272 9.011983871459961
66262 7.978916168212891
66262 8.976221084594727
66252 7.94219970703125
66238 8.975982666015625
66238 7.978677749633789
66215 7.978677749633789
66215 7.978677749633789
66215 9.011507034301758
66190 7.981061935424805
66182 8.975744247436523
66182 7.976531982421875
66181 8.977174758911133
66095 7.9784393310546875
66095 8.974790573120117
66095 7.978916168212891
66095 7.978916168212891
66095 7.9746246337890625
66069 7.979393005371094
66063 7.977962493896484
66051 8.978605270385742
66045 7.976531982421875
66045 8.971929550170898
66045 7.982730865478516
66032 8.015632629394531
66028 8.939266204833984
66007 8.013248443603516
66007 7.978916168212891
66000 8.975982666015625
65990 8.94021987915039
65990 7.9784393310546875
65959 8.976221084594727
65959 8.976221084594727
65918 7.978200912475586
65918 8.975982666015625
65918 7.978677749633789
65892 8.976221084594727
65874 7.9784393310546875
65874 7.9784393310546875
65861 8.976221084594727
65861 7.978677749633789
65856 8.975982666015625
65856 7.978677749633789
65815 8.975744247436523
65801 7.978916168212891
65753 7.978677749633789
65747 7.9784393310546875
65747 8.977890014648438
65747 11.96742057800293
65747 11.967897415161133
65747 11.968374252319336
65747 11.968135833740234
65745 11.968135833740234
65733 12.96544075012207
65731 11.967658996582031
65731 11.968135833740234
65721 11.967897415161133
65721 12.96544075012207
65721 11.967658996582031
65721 9.973526000976562
65721 11.967658996582031
65717 12.965679168701172
65688 11.968135833740234
65679 11.967658996582031
65675 11.968135833740234
65675 11.967897415161133
65675 12.96544075012207
65669 10.970592498779297
65669 11.967897415161133
65669 10.970592498779297
65669 12.965917587280273
65669 10.970354080200195
65669 11.967182159423828
65660 12.965202331542969
65660 12.966156005859375
65644 10.971784591674805
65644 11.004447937011719
65594 7.977962493896484
65594 7.978200912475586
65593 9.937524795532227
65556 9.010553359985352
65556 7.94672966003418
65556 12.964248657226562
65556 11.968374252319336
65556 11.968135833740234
65548 11.967658996582031
65548 12.96544075012207
65548 10.970592498779297
65541 12.96544075012207
65541 11.967897415161133
65541 10.015010833740234
65541 7.971048355102539
65523 12.96234130859375
65523 19.913911819458008
65483 11.968135833740234
65483 9.973287582397461
65483 8.975982666015625
65483 9.00721549987793
65483 7.98487663269043
65483 8.974552154541016
65449 7.978677749633789
65449 8.981704711914062
65413 8.97073745727539
65409 7.9784393310546875
65409 7.978677749633789
65352 8.976936340332031
65352 7.978677749633789
65349 7.9784393310546875
65349 7.976293563842773
65293 7.9784393310546875
65276 10.936737060546875
65260 12.995481491088867
65260 10.938882827758789
65256 7.982015609741211
65223 7.977485656738281
65223 8.94474983215332
65223 7.978677749633789
65223 8.975982666015625
65223 7.978677749633789
65223 13.962984085083008
65205 7.978200912475586
65179 7.977724075317383
65159 8.977174758911133
65159 8.97669792175293
65159 11.967658996582031
65159 10.970592498779297
65154 12.96544075012207
65154 11.968135833740234
65154 10.969877243041992
65144 7.977962493896484
65120 8.975982666015625
65120 9.975671768188477
65120 12.994527816772461
65114 10.948657989501953
65114 8.992910385131836
65114 8.974313735961914
65114 8.010387420654297
65114 8.97359848022461
65096 7.979869842529297
65096 7.98344612121582
65092 8.969783782958984
65092 7.9479217529296875
65073 7.9784393310546875
65037 8.976221084594727
65011 7.978677749633789
65002 8.013248443603516
65002 7.943153381347656
65002 7.999658584594727
65002 9.93800163269043
65002 15.988588333129883
64973 7.97724723815918
64952 11.93690299987793
64925 8.975744247436523
64925 9.975194931030273
64908 9.972810745239258
64908 14.963150024414062
64905 11.965036392211914
64879 13.963460922241211
64879 12.99738883972168
64879 7.94529914855957
64879 10.939359664916992
64836 8.97669792175293
64836 8.97526741027832
64827 8.976221084594727
64809 7.9784393310546875
64805 8.015155792236328
64801 7.998228073120117
64747 8.974313735961914
64736 7.981300354003906
64736 9.96708869934082
64736 7.986783981323242
64736 8.975744247436523
64736 7.977724075317383
64736 8.97669792175293
64736 7.978200912475586
64714 8.976459503173828
64714 8.97669792175293
64714 7.976770401000977
64714 7.978677749633789
64714 8.975028991699219
64714 8.977651596069336
64684 8.975744247436523
64680 7.9784393310546875
64680 8.977174758911133
64680 7.942914962768555
64666 12.966632843017578
64655 10.99705696105957
64651 7.986783981323242
64651 8.970499038696289
64651 8.980512619018555
64651 11.933565139770508
64651 12.96544075012207
64642 10.970830917358398
64642 16.955137252807617
64642 8.975982666015625
64629 10.971307754516602
64629 13.961315155029297
64577 11.968135833740234
64577 12.965202331542969
64577 10.970354080200195
64485 12.965679168701172
64485 11.967658996582031
64457 8.97669792175293
64437 14.94908332824707
64425 13.02957534790039
64401 7.977485656738281
64401 8.947372436523438
64401 8.975744247436523
64394 8.977174758911133
64379 8.008480072021484
64379 8.977413177490234
64330 7.983207702636719
64330 8.974075317382812
64330 7.979393005371094
64330 8.976459503173828
64330 7.977962493896484
64295 8.975982666015625
64295 7.978916168212891
64295 11.989593505859375
64295 11.912107467651367
64295 11.969327926635742
64288 11.966705322265625
64277 10.970830917358398
64277 11.967897415161133
64248 11.967897415161133
64248 11.967897415161133
64220 11.967897415161133
64220 12.003183364868164
64218 8.975505828857422
64187 7.979393005371094
64187 7.979154586791992
64185 8.975505828857422
64171 7.98344612121582
64171 8.970260620117188
64151 8.94021987915039
64151 7.978677749633789
64151 8.976221084594727
64151 8.00943374633789
64142 7.982730865478516
64142 8.974790573120117
64133 7.982492446899414
64133 8.970499038696289
64133 8.979558944702148
64133 8.97216796875
64112 7.987499237060547
64112 7.973670959472656
64112 8.975028991699219
64112 8.975744247436523
64112 7.979393005371094
64112 8.97836685180664
64062 7.976531982421875
64062 8.97526741027832
64062 8.976221084594727
64055 7.977485656738281
64055 7.982015609741211
64055 8.973836898803711
64051 8.94021987915039
64045 8.975744247436523
64045 8.977413177490234
64037 11.968135833740234
63983 10.96963882446289
63980 14.95981216430664
63969 8.975505828857422
63969 9.973526000976562
63907 7.9784393310546875
63893 9.00721549987793
63893 7.983922958374023
63893 8.975982666015625
63893 8.939981460571289
63893 8.016586303710938
63893 7.976531982421875
63877 7.977962493896484
63828 9.97304916381836
63811 12.96544075012207
63803 10.970830917358398
63803 12.965202331542969
63803 12.001991271972656
63803 7.979154586791992
63803 8.976459503173828
63803 7.9784393310546875
63803 8.980751037597656
63803 7.938146591186523
63803 7.977962493896484
63803 7.9784393310546875
63767 9.008407592773438
63742 7.983684539794922
63701 8.974075317382812
63679 8.977174758911133
63660 10.934114456176758
63660 7.978677749633789
63660 8.975744247436523
63660 7.978916168212891
63660 8.975744247436523
63660 7.978916168212891
63618 9.974241256713867
63618 15.988349914550781
63618 7.983922958374023
63610 9.936094284057617
63585 8.976459503173828
63573 8.975505828857422
63573 7.978677749633789
63573 8.010149002075195
63532 8.979082107543945
63532 8.977651596069336
63532 8.977413177490234
63532 7.97724723815918
63532 8.968353271484375
63499 7.991552352905273
63476 8.969783782958984
63474 7.979869842529297
63459 8.975744247436523
63456 8.976221084594727
63454 8.977890014648438
63431 7.97581672668457
63431 9.968996047973633
63431 8.944988250732422
63427 9.012222290039062
63419 7.942914962768555
63413 7.9784393310546875
63368 8.942127227783203
63368 8.012533187866211
63368 7.978916168212891
63355 8.976459503173828
63355 10.936498641967773
63336 16.956567764282227
63307 12.96544075012207
63285 12.964487075805664
63285 10.003328323364258
63255 8.945703506469727
63239 9.974002838134766
63239 12.963533401489258
63239 7.9784393310546875
63239 8.975982666015625
63235 7.978677749633789
63235 7.978916168212891
63235 9.012222290039062
63235 7.973670959472656
63235 7.986545562744141
63235 7.978677749633789
63202 8.940458297729492
63188 8.012771606445312
63188 8.942604064941406
63188 8.013248443603516
